CollectionTime,9/20/2024 11:55:21 AM
ExposureUsed,3
CalibratedSpectrum
-962.7078968117929,556
-959.9714848408522,549
-957.2358232597828,548
-954.5009119013725,556
-951.7667505983302,548
-949.0333391832855,547
-946.3006774887896,590
-943.5687653473143,538
-940.837602591253,543
-938.1071890529199,586
-935.3775245645503,556
-932.6486089583007,542
-929.9204420662485,537
-927.1930237203925,522
-924.4663537526524,564
-921.7404319948689,581
-919.0152582788041,580
-916.2908324361409,574
-913.5671542984834,520
-910.8442236973568,536
-908.1220404642074,512
-905.4006044304027,542
-902.679915427231,566
-899.959973285902,487
-897.2407778375464,505
-894.5223289132158,524
-891.8046263438832,560
-889.0876699604426,566
-886.3714595937089,557
-883.6559950744183,534
-880.9412762332282,544
-878.2273029007168,536
-875.5140749073835,520
-872.8015920836489,499
-870.0898542598545,487
-867.3788612662631,550
-864.6686129330585,517
-861.9591090903457,521
-859.2503495681506,539
-856.5423341964203,537
-853.8350628050229,532
-851.1285352237478,506
-848.4227512823054,576
-845.7177108103272,538
-843.0134136373656,511
-840.3098595928943,523
-837.6070485063082,545
-834.9049802069229,585
-832.2036545239757,566
-829.5030712866244,562
-826.8032303239481,564
-824.1041314649472,520
-821.4057745385428,500
-818.7081593735775,554
-816.0112857988148,534
-813.3151536429393,525
-810.6197627345566,538
-807.9251129021936,563
-805.2312039742981,589
-802.5380357792392,670
-799.8456081453069,567
-797.1539209007124,583
-794.462973873588,602
-791.772766891987,609
-789.083299783884,618
-786.3945723771743,569
-783.7065844996748,575
-781.0193359791231,559
-778.3328266431781,592
-775.6470563194197,590
-772.9620248353489,572
-770.2777320183878,545
-767.5941776958798,568
-764.9113616950891,557
-762.2292838432011,536
-759.5479439673222,546
-756.8673418944801,524
-754.1874774516235,616
-751.5083504656222,586
-748.8299607632671,600
-746.15230817127,649
-743.475392516264,578
-740.7992136248035,541
-738.1237713233636,532
-735.4490654383407,542
-732.7750957960521,518
-730.1018622227365,509
-727.4293645445534,573
-724.7576025875837,632
-722.0865761778291,588
-719.4162851412126,590
-716.7467293035781,625
-714.0779084906909,656
-711.409822528237,617
-708.7424712418238,584
-706.0758544569796,574
-703.4099719991541,571
-700.7448236937178,589
-698.0804093659622,565
-695.4167288411002,614
-692.7537819442656,594
-690.0915685005134,569
-687.4300883348199,633
-684.7693412720819,611
-682.1093271371178,628
-679.4500457546669,616
-676.7914969493897,599
-674.1336805458676,589
-671.4765963686034,558
-668.8202442420206,569
-666.1646239904642,605
-663.5097354382001,638
-660.8555784094151,586
-658.2021527282176,620
-655.5494582186366,585
-652.8974947046223,611
-650.2462620100463,618
-647.5957599587009,586
-644.9459883742998,622
-642.2969470804776,620
-639.6486359007902,625
-637.0010546587141,666
-634.3542031776476,628
-631.7080812809096,643
-629.0626887917401,593
-626.4180255333008,608
-623.7740913286734,646
-621.1308860008619,682
-618.4884093727904,617
-615.8466612673046,588
-613.2056415071715,643
-610.5653499150785,647
-607.9257863136347,703
-605.28695052537,671
-602.6488423727357,729
-600.0114616781036,738
-597.3748082637674,736
-594.7388819519412,747
-592.1036825647604,710
-589.4692099242818,696
-586.8354638524829,657
-584.2024441712624,664
-581.5701507024403,715
-578.9385832677575,814
-576.3077416888759,753
-573.6776257873787,657
-571.0482353847704,664
-568.4195703024757,663
-565.7916303618415,675
-563.164415384135,713
-560.5379251905453,628
-557.9121596021815,658
-555.2871184400748,707
-552.6628015251767,686
-550.0392086783606,704
-547.4163397204204,737
-544.794194472071,752
-542.1727727539491,736
-539.5520743866118,696
-536.9320991905377,760
-534.3128469861261,899
-531.6943175936979,835
-529.0765108334947,839
-526.4594265256793,983
-523.8430644903358,1197
-521.2274245474689,1361
-518.612506517005,1562
-515.9983102187913,1800
-513.3848354725959,2205
-510.77208209810846,2283
-508.16004991493924,2213
-505.5487387426199,2120
-502.9381484006032,1826
-500.3282787082628,1585
-497.71912948489364,1331
-495.1107005497117,1055
-492.5029917218539,952
-489.8960028203786,1002
-487.28973366426493,955
-484.68418407241325,905
-482.07935386364494,789
-479.47524285670266,783
-476.87185087025,803
-474.2691777228715,878
-471.66722323307334,921
-469.0659872192821,838
-466.4654694998459,855
-463.86566989303384,850
-461.26658821703614,815
-458.66822428996414,863
-456.07057792985,847
-453.4736489546475,886
-450.877437182231,872
-448.28194243039627,825
-445.68716451686,811
-443.09310325926003,844
-440.49975847515555,794
-437.9071299820263,889
-435.31521759727354,998
-432.72402113821954,937
-430.13354042210767,852
-427.5437752661022,859
-424.95472548728867,867
-422.36639090267386,915
-419.7787713291855,984
-417.1918665836721,889
-414.60567648290385,878
-412.0202008435715,1091
-409.4354394822874,1155
-406.8513922155845,1009
-404.26805885991723,1012
-401.685439231661,1001
-399.103533147112,975
-396.522340422488,911
-393.9418608739278,892
-391.3620943174908,936
-388.7830405691583,870
-386.2046994448317,911
-383.6270707603344,941
-381.05015433141045,873
-378.473949973725,848
-375.8984575028645,770
-373.32367673433623,768
-370.74960748356875,824
-368.1762495659117,804
-365.60360279663576,763
-363.03166699093265,719
-360.4604419639154,678
-357.8899275306178,702
-355.32012350599507,629
-352.7510297049233,600
-350.1826459421999,641
-347.61497203254316,647
-345.04800779059235,638
-342.4817530309082,565
-339.91620756797226,643
-337.35137121618743,659
-334.7872437898774,646
-332.22382510328725,616
-329.66111497058273,645
-327.09911320585127,732
-324.53781962310075,685
-321.9772340362607,619
-319.4173562591816,628
-316.8581861056348,650
-314.2997233893127,706
-311.7419679238294,758
-309.1849195227194,890
-306.62857799943856,852
-304.0729431673641,665
-301.51801483979375,798
-298.963792829947,800
-296.41027695096386,668
-293.85746701590574,743
-291.3053628377552,756
-288.7539642294155,760
-286.2032710037115,699
-283.65328297338897,722
-281.1039999511146,747
-278.5554217494762,872
-276.007548180983,1015
-273.4603790580651,1000
-270.9139141930734,887
-268.3681533982807,1003
-265.8230964858798,903
-263.27874326798565,865
-260.7350935566336,839
-258.1921471637804,912
-255.6499039013039,1069
-253.10836358100266,978
-250.56752601459698,895
-248.02739101372765,880
-245.48795838995704,895
-242.94922795476816,996
-240.41119951956557,1022
-237.8738728956746,882
-235.33724789434166,893
-232.80132432673452,1003
-230.2661020039418,959
-227.73158073697357,940
-225.19776033676033,919
-222.66464061415422,1079
-220.1322213799284,1155
-217.60050244477725,1022
-215.06948361931552,1003
-212.53916471408013,1212
-210.00954553952818,1393
-207.48062590603843,1168
-204.9524056239104,1126
-202.4248845033651,1080
-199.8980623545441,1055
-197.37193898751036,1242
-194.84651421224817,1386
-192.32178783866232,1330
-189.79775967657952,1169
-187.27442953574644,1115
-184.7517972258321,1362
-182.2298625564256,1105
-179.7086253370378,1075
-177.18808537710026,1133
-174.66824248596583,1280
-172.14909647290835,1356
-169.6306471471229,1462
-167.11289431772548,1424
-164.59583779375328,1475
-162.07947738416453,1811
-159.5638128978386,1706
-157.04884414357605,1455
-154.53457093009854,1497
-152.02099306604828,1468
-149.50811035998936,1552
-146.99592262040665,1677
-144.48442965570587,1554
-141.97363127421409,1660
-139.46352728417958,1649
-136.95411749377126,1940
-134.44540171107985,1702
-131.93737974411636,1611
-129.43005140081357,1598
-126.92341648902493,2058
-124.41747481652521,1934
-121.91222619101006,2318
-119.40767042009657,2434
-116.90380731132257,3119
-114.40063667214702,3861
-111.8981583099503,4375
-109.3963720320337,6182
-106.89527764561933,8906
-104.39487495785067,9764
-101.89516377579241,10615
-99.39614390642998,14591
-96.89781515667039,20873
-94.40017733334128,24103
-91.90323024319173,23033
-89.40697369289148,19525
-86.91140748903172,12732
-84.41653143812482,8253
-81.92234534660395,9896
-79.42884902082358,13685
-76.93604226705907,15478
-74.4439248915071,16791
-71.95249670028534,17832
-69.46175749943245,15934
-66.97170709490854,13580
-64.48234529259423,11392
-61.99367189829195,10981
-59.50568671772464,14344
-57.01838955653636,17276
-54.53178022029283,20290
-52.045858514480074,25839
-49.560624244506016,26935
-47.07607721569923,31263
-44.59221723330904,35997
-42.10904410250669,36066
-39.62655762838392,37343
-37.14475761595372,37691
-34.66364387015028,44158
-32.18321619582866,50214
-29.70347439776515,51480
-27.224418280657005,51707
-24.74604764912317,56578
-22.26836230770266,65036
-19.7913620608565,65036
-17.315046712966478,65036
-14.83941606833514,65036
-12.36446993118659,65036
-9.89020810566592,65036
-7.416630395839093,65036
-4.94373660569363,65036
-2.471526539137585,65036
-6.821210263296962E-13,65036
2.47084320796705,65036
4.941003281093458,65036
7.410480415786196,65036
9.879274808531363,65036
12.347386655893956,65036
14.814816154518212,65036
17.28156350112681,65036
19.74762889252179,65036
22.21301252558385,65036
24.67771459727237,28477
27.141735304626195,10499
29.605074844762612,8839
32.06773341487792,8839
34.52971121224755,9140
36.99100843422559,7246
39.45162527824516,6339
41.91156194181792,5389
44.370818622535126,5107
46.82939551806646,5488
49.287292826160524,6667
51.74451074464503,5617
54.201049471426245,5778
56.65690920448981,5438
59.112090141899785,4960
61.56659248179983,3605
64.02041642241159,3446
66.4735621620365,4191
68.92602989905402,4656
71.37781983192338,4921
73.82893215918205,4472
76.27936707944684,3193
78.72912479141326,3499
81.17820549385567,2835
83.62660938562783,2378
86.07433666566146,2598
88.5213875329681,2736
90.96776218663751,2697
93.41346082583925,2767
95.85848364982041,3080
98.30283085790859,2510
100.7465026495089,2669
103.18949922410604,2642
105.63182078126385,2310
108.07346752062438,2689
110.51443964190923,2480
112.95473734491827,2162
115.39436082953114,1969
117.83331029570547,2412
120.27158594347827,2973
122.7091879729652,2884
125.1461165843615,2744
127.58237197794062,2258
130.01795435405518,1948
132.4528639131364,1928
134.88710085569494,2087
137.32066538231982,1945
139.75355769367923,1783
142.1857779905207,1520
144.61732647366978,1294
147.04820334403132,1392
149.47840880258934,1534
151.90794305040674,1885
154.33680628862487,1783
156.76499871846443,1870
159.19252054122433,1991
161.61937195828352,2057
164.04555317109896,2180
166.47106438120693,2121
168.89590579022217,2240
171.320077599839,2499
173.7435800118302,2653
176.16641322804742,2685
178.58857745042144,2757
181.01007288096173,2464
183.43089972175687,2322
185.85105817497413,2302
188.27054844285988,2489
190.6893707277394,2501
193.10752523201643,2732
195.5250121581745,2753
197.9418317087751,2608
200.3579840864594,2475
202.7734694939469,2698
205.18828813403627,2939
207.6024402096051,2782
210.01592592360964,2569
212.42874547908548,2515
214.84089907914665,2537
217.2523869269868,2463
219.66320922587727,2616
222.0733661791695,2582
224.48285799029293,2483
226.8916848627572,2585
229.29984700014882,2564
231.7073446061355,2747
234.11417788446204,2672
236.520347038953,2631
238.92585227351185,2664
241.33069379212054,2645
243.73487179884035,2782
246.1383864978112,2656
248.541238093252,2597
250.9434267894609,2698
253.34495279081432,2499
255.74581630176783,2547
258.1460175268563,2613
260.54555667069314,2691
262.9444339379703,2673
265.3426495334594,2649
267.7402036620107,2655
270.1370965285529,2560
272.53332833809407,2627
274.9288992957214,2586
277.32380960660055,2583
279.718059475976,2546
282.1116491091717,2402
284.5045787115897,2479
286.89684848871195,2534
289.2884586460981,2559
291.67940938938807,2627
294.0697009242996,2742
296.4593334566299,2740
298.84830719225477,2738
301.23662233712923,2739
303.6242790972866,2486
306.01127767884,2583
308.39761828798066,2564
310.78330113097934,2471
313.16832641418534,2422
315.5526943440269,2419
317.9364051270112,2425
320.3194589697242,2342
322.70185607883093,2260
325.0835966610754,2185
327.4646809232805,2236
329.8451090723478,2191
332.2248813152577,2251
334.6039978590701,2173
336.9824589109231,2298
339.36026467803447,2169
341.7374153677,2225
344.113911187295,2288
346.48975234427337,2335
348.8649390461686,2402
351.2394715005918,2265
353.61334991523415,2138
355.9865744978655,2199
358.35914545633375,2165
360.73106299856715,2227
363.10232733257146,2141
365.47293866643247,2087
367.84289720831396,2129
370.2122031664593,2103
372.5808567491905,2056
374.9488581649083,2017
377.31620762209275,2003
379.6829053293021,2075
382.0489514951745,2042
384.4143463284262,2031
386.7790900378528,2120
389.14318283232853,2122
391.50662492080653,2125
393.86941651231916,2118
396.23155781597745,2116
398.5930490409713,2071
400.9538903965696,2076
403.3140820921202,1991
405.6736243370498,1970
408.03251734086336,1950
410.3907613131465,1950
412.74835646356166,1971
415.10530300185144,2002
417.4616011378372,2001
419.81725108141893,1967
422.1722530425758,1899
424.5266072313656,1982
426.880313857925,2003
429.2333731324701,1987
431.58578526529516,1928
433.9375504667738,1929
436.2886689473588,1897
438.63914091758113,1916
440.9889665880513,1873
443.33814616945835,1877
445.68667987257015,1937
448.03456790823395,1957
450.3818104873759,1903
452.72840782100013,1918
455.07436012019105,1941
457.41966759611057,1912
459.7643304600007,1910
462.10834892318155,1855
464.4517231970525,1833
466.79445349309174,1897
469.1365400228566,1862
471.4779829979826,1946
473.81878263018564,1838
476.15893913125876,1972
478.4984527130747,2087
480.8373235875855,2163
483.17555196682144,1994
485.5131380628919,1971
487.8500820879857,2103
490.1863842543697,2052
492.52204477439034,2098
494.8570638604725,2167
497.1914417251204,2303
499.52517858091653,2640
501.85827464052306,3015
504.19073011668036,3619
506.5225452222086,4433
508.85372017000566,5123
511.18425517304956,5542
513.514150444396,6282
515.8434061971808,7708
518.1720226446176,8559
520.4999999999999,8168
522.8273384766991,7429
525.1540382881666,6633
527.480099647932,5936
529.8055227696037,4537
532.1303078668694,3313
534.454455153496,2610
536.777964843328,2279
539.1008371502907,2087
541.4230722883866,2045
543.744670471698,2070
546.0656319143858,2027
548.3859568306899,1993
550.7056454349294,1975
553.0246979415016,1976
555.3431145648834,1901
557.6608955196306,1905
559.978041020377,1907
562.2945512818363,2005
564.6104265188006,2004
566.9256669461412,1927
569.2402727788082,1903
571.5542442318302,1901
573.8675815203156,2029
576.1802848594508,1980
578.4923544645015,2042
580.8037905508126,1996
583.114593333807,2004
585.4247630289875,1963
587.7342998519354,1875
590.0432040183106,1924
592.3514757438526,1922
594.6591152443794,1876
596.9661227357875,1883
599.2724984340531,1943
601.578242555231,1900
603.8833553154542,1855
606.1878369309362,1945
608.4916876179676,1872
610.7949075929192,1917
613.0974970722403,1848
615.3994562724587,1988
617.7007854101818,1954
620.0014847020951,1910
622.3015543649641,1896
624.6009946156324,1920
626.8998056710224,1849
629.1979877481361,1924
631.4955410640538,2001
633.7924658359349,1925
636.0887622810175,1946
638.3844306166192,1873
640.6794710601358,1918
642.9738838290426,1946
645.2676691408932,1901
647.5608272133207,1939
649.853358264037,1991
652.1452625108324,2011
654.4365401715764,2028
656.7271914642178,1931
659.0172166067838,1969
661.3066158173809,1976
663.5953893141935,1940
665.8835373154867,1936
668.1710600396028,1958
670.4579577049639,1886
672.7442305300709,2030
675.0298787335033,1970
677.3149025339197,1877
679.599302150058,1870
681.8830778007342,1858
684.1662297048437,1863
686.4487580813608,1916
688.7306631493387,1853
691.0119451279091,1891
693.2926042362834,1968
695.5726406937516,1981
697.8520547196814,1940
700.1308465335215,1967
702.4090163547982,1833
704.6865644031171,1898
706.9634908981619,1804
709.2397960596965,1906
711.5154801075631,1851
713.7905432616823,1964
716.0649857420548,2059
718.3388077687592,1912
720.612009561953,1865
722.8845913418733,1890
725.1565533288352,1879
727.427895743234,1894
729.6986188055427,1908
731.9687227363137,1912
734.238207756178,2022
736.5070740858458,1966
738.7753219461066,1959
741.0429515578281,1979
743.3099631419569,1977
745.5763569195191,1822
747.8421331116193,1929
750.1072919394409,1895
752.3718336242467,1998
754.6357583873777,2032
756.8990664502545,1923
759.1617580343765,1907
761.423833361321,1901
763.6852926527457,1998
765.9461361303862,2019
768.206364016058,1946
770.4659765316536,2036
772.7249738991469,2068
774.9833563405886,2046
777.2411240781092,1990
779.4982773339183,1940
781.7548163303044,1845
784.010741289634,1917
786.2660524343538,2118
788.5207499869881,2138
790.7748341701416,2137
793.0283052064964,2098
795.2811633188143,2052
797.5334087299362,1988
799.7850416627813,2109
802.0360623403484,1934
804.2864709857143,1917
806.5362678220353,2009
808.7854530725468,2015
811.0340269605625,1879
813.2819897094754,2017
815.5293415427581,1935
817.77608268396,1907
820.0222133567116,1889
822.2677337847211,1890
824.5126441917765,2020
826.7569448017433,1988
829.0006358385675,1943
831.2437175262731,1914
833.4861900889629,1913
835.7280537508192,1897
837.9693087361026,1888
840.2099552691533,1853
842.4499935743896,1935
844.689423876309,1947
846.9282463994886,1941
849.1664613685833,2003
851.4040690083276,1985
853.6410695435349,2013
855.877463199097,1948
858.1132501999847,1970
860.3484307712487,1984
862.5830051380175,2004
864.8169735254988,1940
867.0503361589791,1992
869.2830932638243,1959
871.5152450654786,1930
873.7467917894654,1917
875.9777336613873,1941
878.2080709069252,1974
880.4378037518389,1986
882.666932421968,1965
884.8954571432301,1943
887.1233781416219,2044
889.3506956432192,1984
891.5774098741766,1974
893.803521060728,1933
896.0290294291852,1902
898.2539352059397,1927
900.4782386174619,1873
902.7019398903011,1895
904.925039251085,1940
907.147536926521,1975
909.3694331433943,1976
911.59072812857,1889
913.8114221089921,1988
916.0315153116827,1947
918.2510079637437,1913
920.4699002923547,2037
922.6881925247761,1919
924.905884888345,1931
927.1229776104793,2017
929.3394709186747,1979
931.555365040506,1935
933.7706602036275,2077
935.9853566357709,1988
938.1994545647489,2054
940.4129542184515,2064
942.6258558248488,1977
944.8381596119883,2048
947.0498658079974,2011
949.2609746410825,2040
951.4714863395287,2103
953.6814011316998,2075
955.8907192460387,2063
958.0994409110671,1973
960.3075663553858,2101
962.5150958076741,2089
964.7220294966913,2053
966.928367651274,2022
969.1341105003388,2008
971.3392582728806,2019
973.5438111979742,1943
975.747769504772,1926
977.9511334225061,1931
980.153903180487,1876
982.3560790081052,1820
984.5576611348289,1892
986.7586497902058,1912
988.9590452038618,1790
991.158847605503,1878
993.3580572249133,1839
995.5566742919558,1752
997.7546990365728,1728
999.952131688785,1679
1002.1489724786926,1732
1004.3452216364743,1707
1006.5408793923874,1630
1008.7359459767691,1655
1010.9304216200343,1582
1013.1243065526781,1631
1015.3176010052733,1614
1017.510305208472,1556
1019.7024193930064,1470
1021.8939437896848,1502
1024.0848786293977,1517
1026.2752241431122,1558
1028.4649805618747,1540
1030.6541481168115,1555
1032.842727039127,1508
1035.0307175601051,1439
1037.2181199111074,1426
1039.4049343235752,1448
1041.591161029029,1448
1043.7768002590683,1506
1045.9618522453698,1498
1048.1463172196918,1480
1050.3301954138697,1502
1052.513487059818,1519
1054.69619238953,1505
1056.8783116350783,1449
1059.0598450286152,1421
1061.2407928023704,1503
1063.4211551886528,1507
1065.6009324198508,1486
1067.780124728432,1442
1069.9587323469414,1476
1072.1367555080046,1486
1074.314194444325,1453
1076.4910493886855,1410
1078.667320573947,1373
1080.843008233051,1362
1083.0181125990161,1433
1085.1926339049414,1329
1087.3665723840027,1379
1089.5399282694575,1417
1091.7127017946405,1424
1093.8848931929647,1380
1096.0565026979243,1373
1098.2275305430899,1322
1100.3979769621128,1359
1102.567842188722,1339
1104.737126456726,1347
1106.9058300000124,1387
1109.0739530525475,1385
1111.2414958483764,1392
1113.4084586216231,1380
1115.5748416064907,1304
1117.7406450372605,1321
1119.9058691482942,1399
1122.0705141740304,1399
1124.2345803489884,1351
1126.3980679077658,1392
1128.5609770850388,1327
1130.7233081155623,1380
1132.8850612341707,1328
1135.0462366757774,1348
1137.2068346753745,1320
1139.3668554680326,1286
1141.526299288901,1325
1143.68516637321,1288
1145.8434569562655,1342
1148.001171273455,1332
1150.158309560244,1270
1152.3148720521767,1328
1154.470858984876,1256
1156.626270594044,1331
1158.7811071154629,1376
1160.9353687849912,1377
1163.089055838569,1285
1165.242168512213,1334
1167.3947070420209,1338
1169.5466716641677,1357
1171.6980626149075,1294
1173.8488801305748,1315
1175.9991244475814,1306
1178.1487958024186,1298
1180.2978944316555,1293
1182.4464205719428,1335
1184.5943744600072,1306
1186.7417563326567,1295
1188.8885664267755,1336
1191.0348049793297,1312
1193.1804722273619,1269
1195.325568407995,1314
1197.4700937584303,1332
1199.614048515948,1363
1201.7574329179074,1321
1203.900247201746,1348
1206.042491604982,1267
1208.1841663652099,1343
1210.3252717201053,1285
1212.465807907422,1352
1214.6057751649923,1345
1216.7451737307279,1322
1218.8840038426192,1312
1221.0222657387353,1375
1223.1599596572241,1295
1225.2970858363137,1248
1227.4336445143094,1316
1229.5696359295966,1389
1231.705060320639,1331
1233.8399179259786,1328
1235.9742089842384,1373
1238.107933734118,1363
1240.2410924143974,1287
1242.373685263935,1285
1244.5057125216676,1324
1246.6371744266116,1337
1248.7680712178621,1353
1250.898403134593,1345
1253.028170416058,1299
1255.1573733015875,1316
1257.2860120305932,1306
1259.4140868425648,1312
1261.54159797707,1299
1263.6685456737569,1327
1265.7949301723515,1369
1267.9207517126597,1342
1270.046010534565,1343
1272.1707068780306,1305
1274.2948409830983,1336
1276.4184130898889,1307
1278.541423438603,1352
1280.6638722695184,1323
1282.785759822993,1317
1284.9070863394636,1327
1287.0278520594447,1343
1289.1480572235314,1291
1291.2677020723963,1321
1293.3867868467923,1348
1295.5053117875495,1401
1297.623277135579,1282
1299.740683131868,1311
1301.8575300174857,1341
1303.973818033578,1336
1306.0895474213703,1344
1308.2047184221678,1362
1310.3193312773528,1298
1312.4333862283888,1332
1314.5468835168163,1240
1316.659823384255,1317
1318.7722060724045,1375
1320.8840318230418,1383
1322.9953008780249,1348
1325.1060134792888,1355
1327.2161698688478,1374
1329.3257702887959,1393
1331.4348149813054,1364
1333.5433041886276,1328
1335.6512381530933,1380
1337.7586171171101,1282
1339.8654413231675,1284
1341.9717110138317,1325
1344.0774264317488,1417
1346.1825878196432,1376
1348.2871954203192,1325
1350.3912494766587,1373
1352.4947502316231,1364
1354.5976979282532,1310
1356.7000928096686,1371
1358.8019351190665,1347
1360.9032250997243,1325
1363.0039629949988,1323
1365.1041490483235,1332
1367.2037835032133,1328
1369.3028666032606,1399
1371.401398592137,1392
1373.4993797135926,1412
1375.5968102114575,1385
1377.6936903296396,1344
1379.7900203121262,1345
1381.8858004029835,1339
1383.9810308463561,1364
1386.075711886469,1299
1388.1698437676241,1418
1390.2634267342032,1364
1392.356461030667,1289
1394.4489469015557,1379
1396.5408845914872,1370
1398.6322743451592,1317
1400.7231164073469,1367
1402.813411022907,1335
1404.903158436773,1332
1406.9923588939578,1399
1409.0810126395531,1382
1411.1691199187303,1334
1413.2566809767386,1392
1415.343696058907,1408
1417.4301654106425,1388
1419.5160892774315,1349
1421.6014679048399,1463
1423.6863015385125,1377
1425.7705904241707,1354
1427.8543348076178,1372
1429.9375349347342,1358
1432.0201910514802,1395
1434.102303403894,1353
1436.1838722380944,1401
1438.2648978002767,1373
1440.3453803367174,1345
1442.4253200937692,1367
1444.5047173178677,1411
1446.5835722555234,1373
1448.6618851533285,1402
1450.739656257952,1383
1452.8168858161434,1333
1454.8935740747306,1376
1456.96972128062,1386
1459.045327680797,1430
1461.120393522327,1371
1463.1949190523528,1346
1465.2689045180973,1353
1467.3423501668608,1387
1469.415256246024,1457
1471.4876230030463,1412
1473.559450685465,1433
1475.6307395408976,1417
1477.7014898170391,1387
1479.771701761665,1412
1481.8413756226287,1328
1483.9105116478618,1401
1485.9791100853772,1355
1488.0471711832643,1316
1490.1146951896926,1376
1492.1816823529098,1415
1494.2481329212433,1400
1496.3140471430984,1372
1498.3794252669609,1357
1500.4442675413939,1369
1502.5085742150404,1353
1504.572345536622,1409
1506.6355817549388,1420
1508.6982831188702,1398
1510.7604498773744,1442
1512.8220822794883,1393
1514.8831805743293,1369
1516.9437450110909,1362
1519.003775839048,1399
1521.0632733075522,1393
1523.1222376660367,1369
1525.1806691640113,1398
1527.2385680510652,1400
1529.2959345768668,1408
1531.3527689911643,1427
1533.4090715437833,1428
1535.4648424846291,1420
1537.5200820636855,1416
1539.5747905310159,1388
1541.6289681367616,1380
1543.6826151311434,1411
1545.7357317644614,1385
1547.7883182870937,1408
1549.8403749494987,1453
1551.8919020022113,1384
1553.9428996958477,1346
1555.9933682811015,1333
1558.0433080087469,1348
1560.0927191296346,1391
1562.1416018946961,1383
1564.1899565549415,1368
1566.2377833614592,1437
1568.2850825654164,1448
1570.3318544180606,1413
1572.3780991707158,1396
1574.423817074788,1460
1576.4690083817595,1419
1578.5136733431923,1384
1580.5578122107272,1361
1582.601425236085,1362
1584.6445126710646,1353
1586.6870747675434,1393
1588.7291117774776,1377
1590.7706239529034,1401
1592.8116115459347,1392
1594.8520748087658,1419
1596.8920139936686,1371
1598.9314293529933,1367
1600.9703211391711,1367
1603.008689604711,1379
1605.0465350022005,1372
1607.0838575843068,1348
1609.1206576037753,1381
1611.1569353134305,1379
1613.1926909661765,1402
1615.2279248149953,1357
1617.2626371129481,1408
1619.2968281131757,1383
1621.3304980688963,1388
1623.3636472334088,1401
1625.39627586009,1346
1627.428384202396,1421
1629.459972513861,1400
1631.4910410480993,1441
1633.5215900588028,1341
1635.551619799744,1313
1637.5811305247717,1324
1639.6101224878166,1366
1641.6385959428862,1338
1643.6665511440683,1343
1645.693988345528,1352
1647.7209078015112,1318
1649.7473097663405,1373
1651.7731944944203,1332
1653.7985622402307,1340
1655.823413258333,1350
1657.847747803366,1390
1659.8715661300494,1359
1661.8948684931793,1389
1663.9176551476316,1384
1665.9399263483624,1344
1667.9616823504057,1315
1669.982923408873,1382
1672.0036497789574,1327
1674.0238617159293,1323
1676.043559475138,1348
1678.0627433120121,1341
1680.081413482059,1357
1682.0995702408654,1301
1684.117213844096,1342
1686.134344547495,1383
1688.1509626068864,1356
1690.1670682781705,1357
1692.182661817329,1346
1694.1977434804217,1378
1696.2123135235875,1354
1698.226372203043,1353
1700.2399197750851,1403
1702.2529564960905,1384
1704.2654826225112,1349
1706.277498410882,1373
1708.2890041178139,1313
1710.2999999999988,1362
1712.3104863142066,1405
1714.3204633172854,1351
1716.329931266163,1324
1718.3388904178469,1382
1720.3473410294214,1383
1722.3552833580516,1376
1724.3627176609807,1374
1726.3696441955308,1407
1728.3760632191033,1366
1730.3819749891782,1373
1732.3873797633146,1394
1734.3922777991502,1416
1736.3966693544012,1316
1738.4005546868639,1316
1740.4039340544127,1360
1742.406807715001,1379
1744.4091759266616,1363
1746.4110389475054,1415
1748.4123970357223,1398
1750.413250449582,1328
1752.4135994474318,1355
1754.4134442876993,1404
1756.4127852288902,1415
1758.4116225295893,1369
1760.4099564484595,1362
1762.407787244244,1411
1764.405115175764,1408
1766.4019405019203,1428
1768.3982634816916,1391
1770.3940843741357,1403
1772.3894034383907,1341
1774.3842209336717,1373
1776.378537119274,1414
1778.372352254571,1362
1780.3656665990156,1376
1782.3584804121397,1375
1784.3507939535534,1402
1786.3426074829463,1465
1788.3339212600863,1456
1790.3247355448211,1449
1792.3150505970766,1444
1794.3048666768573,1369
1796.2941840442477,1380
1798.2830029594106,1416
1800.2713236825884,1411
1802.2591464741004,1439
1804.2464715943465,1411
1806.2332993038058,1406
1808.2196298630352,1470
1810.2054635326708,1394
1812.190800573428,1419
1814.175641246101,1388
1816.1599858115628,1384
1818.1438345307652,1425
1820.127187664738,1380
1822.1100454745924,1375
1824.092408221516,1388
1826.0742761667766,1378
1828.055649571721,1392
1830.0365286977735,1371
1832.0169138064398,1408
1833.9968051593014,1448
1835.9762030180214,1495
1837.9551076443408,1462
1839.9335193000788,1360
1841.9114382471344,1430
1843.888864747485,1402
1845.8657990631878,1344
1847.842241456378,1398
1849.8181921892697,1393
1851.7936515241558,1387
1853.7686197234098,1438
1855.7430970494815,1384
1857.7170837649014,1380
1859.6905801322787,1389
1861.6635864143004,1427
1863.6361028737338,1439
1865.608129773424,1366
1867.5796673762961,1382
1869.5507159453537,1411
1871.521275743678,1377
1873.4913470344313,1377
1875.4609300808534,1362
1877.4300251462632,1383
1879.3986324940588,1439
1881.366752387717,1422
1883.3343850907936,1412
1885.3015308669228,1398
1887.268189979819,1427
1889.2343626932739,1403
1891.2000492711595,1381
1893.1652499774254,1399
1895.1299650761011,1396
1897.0941948312952,1378
1899.0579395071945,1374
1901.0211993680641,1428
1902.98397467825,1417
1904.9462657021745,1381
1906.9080727043415,1388
1908.869395949332,1434
1910.8302357018065,1370
1912.790592226504,1411
1914.7504657882428,1348
1916.7098566519212,1427
1918.6687650825133,1384
1920.6271913450764,1369
1922.5851357047422,1362
1924.5425984267245,1369
1926.499579776314,1439
1928.4560800188833,1369
1930.4120994198802,1419
1932.367638244833,1417
1934.32269675935,1421
1936.2772752291175,1452
1938.231373919899,1422
1940.1849930975404,1347
1942.1381330279637,1345
1944.0907939771696,1331
1946.0429762112412,1352
1947.9946799963363,1356
1949.9459055986945,1337
1951.896653284633,1367
1953.8469233205478,1330
1955.7967159729142,1394
1957.7460315082863,1376
1959.6948701932974,1414
1961.6432322946594,1398
1963.5911180791632,1367
1965.5385278136787,1343
1967.4854617651545,1338
1969.4319202006182,1460
1971.377903387176,1368
1973.3234115920136,1436
1975.268445082395,1430
1977.2130041256642,1446
1979.1570889892423,1422
1981.1006999406304,1381
1983.04383724741,1410
1984.986501177238,1419
1986.928691997853,1407
1988.8704099770712,1408
1990.811655382789,1385
1992.7524284829801,1395
1994.692729545698,1395
1996.6325588390755,1370
1998.5719166313224,1404
2000.5108031907307,1390
2002.4492187856677,1359
2004.387163684583,1356
2006.3246381560011,1393
2008.2616424685298,1386
2010.1981768908527,1385
2012.1342416917332,1373
2014.069837140014,1410
2016.0049635046162,1369
2017.9396210545406,1449
2019.8738100588666,1419
2021.8075307867502,1368
2023.740783507431,1355
2025.6735684902228,1416
2027.6058860045214,1406
2029.5377363198004,1452
2031.4691197056118,1440
2033.4000364315875,1396
2035.3304867674374,1419
2037.260470982952,1327
2039.189989347998,1426
2041.1190421325232,1399
2043.047629606554,1389
2044.9757520401945,1340
2046.9034097036288,1386
2048.8306028671195,1384
2050.7573318010086,1410
2052.683596775716,1385
2054.609398061742,1399
2056.5347359296647,1368
2058.4596106501403,1364
2060.384022493906,1419
2062.3079717317764,1365
2064.231458634646,1356
2066.1544834734873,1377
2068.077046519352,1413
2069.99914804337,1397
2071.9207883167524,1432
2073.8419676107865,1348
2075.7626861968406,1383
2077.6829443463607,1382
2079.6027423308715,1360
2081.522080421977,1410
2083.440958891362,1383
2085.359378010786,1377
2087.2773380520907,1398
2089.194839287196,1375
2091.111881988101,1323
2093.0284664268825,1378
2094.9445928756973,1402
2096.86026160678,1367
2098.775472892446,1314
2100.690227005088,1358
2102.604524217178,1389
2104.5183648012676,1392
2106.431749029985,1387
2108.34467717604,1406
2110.2571495122206,1363
2112.169166311393,1383
2114.080727846503,1377
2115.9918343905747,1384
2117.902486216711,1379
2119.8126835980956,1413
2121.722426807987,1365
2123.6317161197285,1323
2125.5405518067364,1352
2127.448934142509,1417
2129.356863400624,1413
2131.264339854737,1413
2133.1713637785815,1374
2135.077935445972,1396
2136.9840551308002,1391
2138.889723107037,1415
2140.7949396487334,1399
2142.699705030018,1414
2144.6040195250994,1424
2146.507883408264,1393
2148.4112969538774,1360
2150.3142604363848,1376
2152.2167741303097,1408
2154.1188383102535,1443
2156.0204532508997,1387
2157.9216192270064,1391
2159.822336513414,1394
2161.7226053850413,1437
2163.622426116884,1417
2165.5217989840185,1460
2167.4207242616,1432
2169.319202224862,1348
2171.2172331491165,1424
2173.1148173097563,1474
2175.0119549822507,1421
2176.90864644215,1448
2178.8048919650823,1473
2180.7006918267534,1468
2182.596046302952,1384
2184.4909556695407,1478
2186.3854202024645,1442
2188.279440177746,1459
2190.173015871487,1429
2192.066147559868,1410
2193.958835519149,1432
2195.851080025667,1403
2197.7428813558417,1440
2199.6342397861667,1441
2201.5251555932186,1426
2203.415629053651,1377
2205.3056604441986,1427
2207.19525004167,1420
2209.084398122958,1458
2210.9731049650327,1433
2212.861370844941,1454
2214.749196039812,1453
2216.636580826851,1476
2218.523525483344,1408
2220.410030286655,1517
2222.296095514226,1498
2224.1817214435805,1410
2226.066908352319,1466
2227.951656518121,1401
2229.835966218746,1422
2231.71983773203,1514
2233.6032713358913,1394
2235.486267308324,1438
2237.3688259274036,1424
2239.2509474712824,1357
2241.132632218193,1414
2243.013880446447,1400
2244.8946924344323,1451
2246.7750684606203,1456
2248.6550088035574,1455
2250.534513741871,1503
2252.413583554265,1458
2254.292218519526,1398
2256.170418916517,1433
2258.0481850241786,1427
2259.925517121534,1450
2261.8024154876825,1417
2263.678880401803,1469
2265.5549121431536,1429
2267.430510991071,1479
2269.305677224971,1475
2271.180411124348,1401
2273.0547129687766,1427
2274.9285830379076,1434
2276.8020216114737,1380
2278.6750289692845,1432
2280.5476053912294,1470
2282.4197511572766,1480
2284.2914665474727,1497
2286.162751841943,1488
2288.0336073208937,1447
2289.904033264608,1499
2291.774029953448,1471
2293.6435976678554,1472
2295.5127366883517,1443
2297.381447295534,1405
2299.2497297700825,1368
2301.1175843927526,1309
2302.9850114443825,1335
2304.852011205885,1374
2306.7185839582553,1322
2308.5847299825664,1326
2310.4504495599676,1312
2312.3157429716925,1306
2314.1806104990483,1270
2316.0450524234247,1236
2317.9090690262888,1278
2319.772660589186,1276
2321.635827393742,1296
2323.498569721661,1278
2325.3608878547248,1237
2327.2227820747967,1256
2329.0842526638157,1297
2330.945299903803,1269
2332.805924076857,1269
2334.6661254651535,1254
2336.525904350951,1190
2338.3852610165827,1264
2340.244195744464,1263
2342.102708817088,1220
2343.9608005170253,1235
2345.8184711269287,1181
2347.675720929526,1251
2349.532550207628,1210
2351.38895924412,1255
2353.24494832197,1239
2355.100517724223,1226
2356.955667734004,1210
2358.810398634514,1261
2360.664710709037,1313
2362.5186042409337,1273
2364.3720795136437,1233
2366.225136810686,1251
2368.0777764156583,1240
2369.929998612237,1293
2371.7818036841777,1260
2373.633191915315,1254
2375.484163589562,1206
2377.3347189909114,1231
2379.184858403434,1257
2381.03458211128,1290
2382.8838903986775,1282
2384.732783549936,1219
2386.5812618494406,1201
2388.4293255816588,1237
2390.2769750311327,1214
2392.1242104824883,1214
2393.971032220427,1284
2395.8174405297295,1219
2397.6634356952563,1241
2399.509018001947,1220
2401.3541877348193,1272
2403.1989451789705,1224
2405.043290619576,1271
2406.8872243418905,1244
2408.730746631247,1176
2410.5738577730594,1248
2412.4165580528183,1274
2414.258847756095,1252
2416.100727168537,1264
2417.9421965758734,1187
2419.783256263912,1236
2421.623906518538,1273
2423.4641476257157,1222
2425.303979871491,1238
2427.143403541984,1254
2428.9824189233977,1238
2430.821026302012,1272
2432.6592259641866,1209
2434.497018196361,1257
2436.33440328505,1246
2438.171381516851,1267
2440.00795317844,1278
2441.844118556569,1276
2443.6798779380724,1300
2445.5152316098606,1289
2447.3501798589255,1272
2449.1847229723357,1269
2451.0188612372403,1273
2452.8525949408663,1280
2454.6859243705203,1231
2456.518849813587,1287
2458.3513715575314,1277
2460.183489889895,1284
2462.015205098301,1263
2463.8465174704493,1205
2465.67742729412,1209
2467.5079348571717,1259
2469.338040447542,1246
2471.1677443532476,1284
2472.9970468623833,1190
2474.825948263123,1240
2476.6544488437207,1243
2478.482548892508,1237
2480.310248697896,1265
2482.137548548374,1236
2483.9644487325118,1199
2485.790949538956,1275
2487.617051256433,1230
2489.44275417375,1256
2491.26805857979,1217
2493.0929647635157,1255
2494.917473013971,1283
2496.741583620276,1244
2498.5652968716304,1321
2500.3886130573137,1287
2502.2115324666834,1192
2504.0340553891765,1256
2505.856182114308,1242
2507.6779129316733,1288
2509.499248130945,1173
2511.3201880018764,1283
2513.140732834298,1205
2514.9608829181198,1208
2516.780638543331,1257
2518.6,1203
2520.418967578273,1299
2522.237541568376,1249
2524.0557222606144,1251
2525.8735099453706,1233
2527.6909049131086,1254
2529.507907454368,1259
2531.32451785977,1208
2533.140736420014,1215
2534.9565634258774,1167
2536.771999168218,1260
2538.5870439379714,1292
2540.4016980261526,1272
2542.2159617238544,1260
2544.02983532225,1227
2545.8433191125914,1192
2547.656413386209,1206
2549.4691184345115,1224
2551.2814345489874,1255
2553.093362021204,1231
2554.904901142808,1258
2556.716052205523,1234
2558.526815501153,1201
2560.3371913215824,1191
2562.147179958771,1226
2563.956781704761,1207
2565.7659968516705,1281
2567.5748256916986,1267
2569.3832685171224,1226
2571.1913256202984,1254
2572.9989972936614,1333
2574.806283829725,1210
2576.613185521084,1211
2578.4197026604074,1195
2580.2258355404483,1257
2582.031584454035,1209
2583.836949694077,1233
2585.6419315535613,1200
2587.4465303255533,1271
2589.2507463032002,1251
2591.0545797797245,1240
2592.8580310484303,1220
2594.6611004026995,1207
2596.463788135992,1237
2598.266094541849,1255
2600.0680199138874,1252
2601.869564545807,1278
2603.670728731383,1270
2605.4715127644704,1235
2607.2719169390048,1251
2609.071941548998,1261
2610.8715868885433,1230
2612.670853251811,1253
2614.469740933052,1201
2616.268250226594,1195
2618.0663814268455,1295
2619.864134828292,1254
2621.6615107255006,1208
2623.458509413115,1205
2625.2551311858597,1209
2627.0513763385347,1150
2628.8472451660223,1243
2630.6427379632833,1265
2632.4378550253564,1229
2634.232596647359,1178
2636.026963124488,1246
2637.8209547520187,1260
2639.6145718253065,1258
2641.407814639785,1241
2643.200683490966,1187
2644.9931786744414,1161
2646.7853004858807,1218
2648.577049221034,1257
2650.3684251757277,1276
2652.1594286458712,1229
2653.9500599274484,1267
2655.740319316525,1270
2657.5302071092437,1224
2659.3197236018286,1233
2661.10886909058,1229
2662.8976438718782,1207
2664.686048242183,1211
2666.4740824980327,1242
2668.2617469360443,1175
2670.0490418529134,1196
2671.8359675454153,1204
2673.622524310403,1241
2675.408712444811,1273
2677.1945322456495,1218
2678.979984010009,1222
2680.76506803506,1253
2682.5497846180497,1240
2684.334134056306,1192
2686.1181166472343,1252
2687.9017326883213,1236
2689.6849824771293,1250
2691.4678663113013,1177
2693.2503844885596,1214
2695.032537306705,1167
2696.8143250636167,1178
2698.5957480572542,1273
2700.3768065856534,1263
2702.1575009469316,1211
2703.937831439283,1237
2705.717798360982,1245
2707.4974020103837,1213
2709.276642685917,1206
2711.055520686095,1256
2712.834036309506,1216
2714.612189854819,1230
2716.389981620782,1294
2718.1674119062204,1262
2719.944481010041,1239
2721.721189231226,1259
2723.4975368688415,1263
2725.273524222027,1263
2727.0491515900053,1201
2728.824419272075,1164
2730.5993275676146,1211
2732.3738767760838,1233
2734.148067197016,1232
2735.921899130031,1202
2737.6953728748194,1232
2739.468488731156,1217
2741.2412469988926,1244
2743.0136479779617,1264
2744.785691968372,1193
2746.5573792702116,1230
2748.3287101836504,1201
2750.099685008934,1205
2751.870304046388,1254
2753.640567596418,1272
2755.4104759595057,1159
2757.1800294362156,1159
2758.949228327187,1212
2760.7180729331412,1215
2762.486563554877,1224
2764.254700493272,1234
2766.022484049284,1265
2767.789914523947,1209
2769.5569922183786,1233
2771.3237174337705,1230
2773.090090471394,1214
2774.8561116326036,1239
2776.6217812188274,1283
2778.3870995315756,1300
2780.1520668724356,1263
2781.9166835430747,1254
2783.6809498452394,1202
2785.444866080754,1177
2787.2084325515225,1241
2788.971649559527,1224
2790.73451740683,1218
2792.4970363955713,1236
2794.2592068279705,1218
2796.0210290063264,1202
2797.7825032330147,1168
2799.543629810493,1241
2801.304409041296,1218
2803.0648412280366,1244
2804.8249266734088,1237
2806.5846656801846,1208
2808.344058551212,1232
2810.1031055894246,1221
2811.8618070978273,1209
2813.6201633795085,1243
2815.378174737636,1293
2817.1358414754536,1189
2818.893163896285,1238
2820.6501423035334,1210
2822.4067770006814,1246
2824.1630682912883,1263
2825.9190164789957,1261
2827.6746218675207,1235
2829.429884760661,1241
2831.184805462294,1260
2832.9393842763743,1253
2834.693621506936,1253
2836.4475174580916,1267
2838.201072434034,1246
2839.954286739034,1277
2841.707160677441,1276
2843.459694553685,1320
2845.2118886722724,1340
2846.96374333779,1303
2848.7152588549034,1282
2850.4664355283567,1241
2852.217273662973,1279
2853.9677735636546,1298
2855.7179355353833,1270
2857.4677598832186,1259
2859.217246912299,1260
2860.9663969278427,1256
2862.715210235146,1241
2864.4636871395846,1262
2866.211827946614,1199
2867.9596329617652,1210
2869.7071024906536,1214
2871.4542368389684,1200
2873.20103631248,1272
2874.947501217038,1235
2876.6936318585695,1211
2878.4394285430812,1261
2880.1848915766604,1254
2881.9300212654707,1280
2883.6748179157553,1208
2885.4192818338374,1226
2887.1634133261173,1209
2888.907212699077,1287
2890.6506802592744,1215
2892.393816313348,1262
2894.1366211680142,1228
2895.8790951300693,1323
2897.621238506388,1205
2899.363051603925,1241
2901.1045347297118,1225
2902.8456881908596,1284
2904.58651229456,1201
2906.327007348081,1240
2908.067173658772,1257
2909.8070115340597,1246
2911.5465212814497,1237
2913.285703208527,1282
2915.0245576229563,1301
2916.7630848324807,1286
2918.5012851449196,1264
2920.2391588681758,1240
2921.976706310227,1257
2923.7139277791334,1260
2925.4508235830313,1246
2927.187394030137,1291
2928.923639428745,1215
2930.6595600872306,1243
2932.395156314046,1323
2934.1304284177218,1254
2935.8653767068713,1268
2937.6000014901815,1242
2939.3343030764227,1268
2941.068281774442,1235
2942.8019378931644,1213
2944.5352717415976,1269
2946.2682836288236,1230
2948.0009738640065,1302
2949.7333427563885,1318
2951.465390615289,1241
2953.1971177501086,1225
2954.9285244703265,1314
2956.6596110855,1242
2958.3903779052657,1241
2960.1208252393385,1303
2961.8509533975125,1259
2963.5807626896617,1249
2965.3102534257378,1204
2967.0394259157715,1228
2968.768280469873,1282
2970.496817398232,1240
2972.2250370111146,1222
2973.952939618869,1259
2975.6805255319196,1267
2977.4077950607707,1208
2979.134748516006,1212
2980.861386208289,1206
2982.587708448359,1228
2984.313715547037,1265
2986.039407815222,1273
2987.764785563891,1296
2989.489849104102,1209
2991.2145987469908,1259
2992.9390348037705,1234
2994.6631575857346,1304
2996.3869674042576,1206
2998.1104645707887,1266
2999.83364939686,1264
3001.5565221940783,1193
3003.2790832741334,1235
3005.0013329487924,1248
3006.7232715298996,1230
3008.4448993293804,1261
3010.166216659239,1257
3011.887223831558,1310
3013.607921158498,1206
3015.3283089522993,1272
3017.0483875252826,1255
3018.7681571898443,1258
3020.4876182584626,1316
3022.2067710436927,1251
3023.9256158581707,1223
3025.644153014609,1207
3027.362382825801,1290
3029.0803056046193,1246
3030.797921664012,1221
3032.5152313170106,1210
3034.2322348767225,1181
3035.9489326563353,1190
3037.665324969115,1196
3039.3814121284063,1258
3041.097194447633,1234
3042.812672240299,1199
3044.5278458199855,1245
3046.2427155003525,1213
3047.9572815951406,1191
3049.671544418167,1216
3051.38550428333,1219
3053.0991615046073,1236
3054.812516396051,1267
3056.5255692717974,1271
3058.2383204460575,1212
3059.9507702331257,1231
3061.662918947372,1220
3063.3747669032446,1232
3065.0863144152736,1245
3066.7975617980674,1238
3068.508509366309,1230
3070.219157434767,1156
3071.9295063182844,1203
3073.639556331785,1227
3075.3493077902704,1237
3077.058761008821,1222
3078.7679163025964,1259
3080.476773986837,1268
3082.1853343768594,1243
3083.89359778806,1243
3085.6015645359153,1271
3087.3092349359786,1218
3089.016609303884,1241
3090.7236879553434,1179
3092.4304712061476,1236
3094.136959372166,1250
3095.843152769349,1236
3097.5490517137237,1271
3099.2546565213966,1239
3100.959967508554,1220
3102.66498499146,1232
3104.3697092864577,1268
3106.0741407099695,1277
3107.778279578498,1266
3109.482126208622,1259
3111.1856809170004,1257
3112.8889440203716,1245
3114.5919158355528,1238
3116.294596679439,1208
3117.996986869006,1223
3119.6990867213062,1237
3121.4008965534726,1239
3123.102416682717,1233
3124.803647426329,1236
3126.5045891016784,1229
3128.205242026213,1274
3129.90560651746,1203
3131.605682893025,1231
3133.3054714705922,1241
3135.0049725679282,1221
3136.7041865028714,1228
3138.4031135933465,1251
3140.101754157353,1211
3141.800108512971,1207
3143.498176978357,1270
3145.1959598717494,1195
3146.8934575114636,1210
3148.5906702158954,1215
3150.2875983035183,1178
3151.9842420928853,1201
3153.680601902627,1244
3155.376678051456,1224
3157.07247085816,1208
3158.767980641609,1212
3160.463207720748,1203
3162.158152414606,1235
3163.8528150422862,1282
3165.5471959229726,1232
3167.2412953759303,1262
3168.9351137204976,1255
3170.628651276098,1277
3172.3219083622307,1245
3174.014885298474,1272
3175.707582404485,1262
3177.4000000000005,1222
3179.092138404835,1258
3180.7839979388846,1191
3182.47557892212,1227
3184.166881674594,1261
3185.8579065164386,1202
3187.5486537678626,1221
3189.2391237491547,1222
3190.9293167806827,1196
3192.6192331828934,1239
3194.3088732763117,1229
3195.998237381542,1226
3197.687325819268,1232
3199.376138910251,1197
3201.064676975334,1200
3202.7529403354347,1233
3204.4409293115523,1234
3206.1286442247647,1199
3207.816085396229,1218
3209.5032531471825,1141
3211.190147798936,1164
3212.8767696728846,1205
3214.5631190905015,1163
3216.2491963733373,1182
3217.9350018430214,1221
3219.6205358212637,1149
3221.305798629851,1162
3222.990790590651,1184
3224.6755120256103,1229
3226.359963256751,1214
3228.0441446061795,1220
3229.7280563960758,1204
3231.411698948703,1260
3233.0950725863995,1254
3234.778177631587,1239
3236.461014406761,1256
3238.1435832345005,1192
3239.8258844374595,1198
3241.507918338374,1197
3243.1896852600576,1248
3244.8711855254023,1241
3246.552419457381,1255
3248.233387379042,1212
3249.914089613516,1209
3251.59452648401,1166
3253.274698313813,1178
3254.95460542629,1216
3256.6342481448855,1226
3258.313626793125,1169
3259.9927416946084,1172
3261.6715931730196,1258
3263.3501815521176,1197
3265.0285071557437,1220
3266.706570307815,1261
3268.3843713323286,1200
3270.0619105533615,1218
3271.739188295068,1216
3273.4162048816834,1216
3275.0929606375184,1208
3276.769455886966,1196
3278.445690954498,1235
3280.1216661646613,1248
3281.797381842087,1260
3283.4728383114807,1198
3285.1480358976296,1193
3286.8229749253996,1170
3288.4976557197333,1209
3290.172078605655,1175
3291.846243908266,1213
3293.5201519527463,1251
3295.193803064357,1229
3296.8671975684374,1234
3298.5403357904024,1186
3300.21321805575,1151
3301.8858446900567,1197
3303.558216018975,1207
3305.23033236824,1240
3306.9021940636603,1173
3308.57380143113,1188
3310.2451547966184,1224
3311.916254486174,1195
3313.5871008259246,1281
3315.2576941420766,1210
3316.9280347609147,1213
3318.5981230088046,1219
3320.2679592121895,1213
3321.9375436975924,1184
3323.606876791612,1205
3325.27595882093,1202
3326.944790112305,1205
3328.6133709925753,1224
3330.2817017886573,1195
3331.949782827547,1208
3333.617614436319,1194
3335.2851969421245,1253
3336.952530672199,1242
3338.619615953853,1252
3340.286453114475,1168
3341.9530424815357,1257
3343.619384382583,1242
3345.2854791452437,1227
3346.951327097224,1246
3348.6169285663073,1216
3350.2822838803577,1259
3351.947393367319,1202
3353.61225735521,1253
3355.2768761721345,1243
3356.9412501462693,1192
3358.605379605873,1228
3360.2692648792827,1270
3361.9329062949146,1204
3363.596304181263,1112
