CollectionTime,6/26/2024 3:36:29 PM
ExposureUsed,3
CalibratedSpectrum
-962.7078968117929,697
-959.9714848408522,731
-957.2358232597828,715
-954.5009119013725,736
-951.7667505983302,763
-949.0333391832855,738
-946.3006774887896,705
-943.5687653473143,725
-940.837602591253,761
-938.1071890529199,745
-935.3775245645503,753
-932.6486089583007,775
-929.9204420662485,790
-927.1930237203925,766
-924.4663537526524,762
-921.7404319948689,761
-919.0152582788041,783
-916.2908324361409,756
-913.5671542984834,788
-910.8442236973568,760
-908.1220404642074,783
-905.4006044304027,809
-902.679915427231,767
-899.959973285902,783
-897.2407778375464,771
-894.5223289132158,738
-891.8046263438832,787
-889.0876699604426,739
-886.3714595937089,730
-883.6559950744183,720
-880.9412762332282,767
-878.2273029007168,717
-875.5140749073835,722
-872.8015920836489,736
-870.0898542598545,704
-867.3788612662631,696
-864.6686129330585,726
-861.9591090903457,741
-859.2503495681506,696
-856.5423341964203,718
-853.8350628050229,721
-851.1285352237478,759
-848.4227512823054,746
-845.7177108103272,734
-843.0134136373656,725
-840.3098595928943,710
-837.6070485063082,727
-834.9049802069229,710
-832.2036545239757,742
-829.5030712866244,762
-826.8032303239481,746
-824.1041314649472,743
-821.4057745385428,690
-818.7081593735775,713
-816.0112857988148,698
-813.3151536429393,725
-810.6197627345566,696
-807.9251129021936,732
-805.2312039742981,735
-802.5380357792392,754
-799.8456081453069,691
-797.1539209007124,694
-794.462973873588,671
-791.772766891987,744
-789.083299783884,728
-786.3945723771743,734
-783.7065844996748,735
-781.0193359791231,711
-778.3328266431781,735
-775.6470563194197,746
-772.9620248353489,752
-770.2777320183878,695
-767.5941776958798,696
-764.9113616950891,754
-762.2292838432011,737
-759.5479439673222,783
-756.8673418944801,760
-754.1874774516235,720
-751.5083504656222,734
-748.8299607632671,746
-746.15230817127,719
-743.475392516264,746
-740.7992136248035,805
-738.1237713233636,760
-735.4490654383407,786
-732.7750957960521,766
-730.1018622227365,762
-727.4293645445534,754
-724.7576025875837,750
-722.0865761778291,764
-719.4162851412126,777
-716.7467293035781,739
-714.0779084906909,807
-711.409822528237,790
-708.7424712418238,795
-706.0758544569796,766
-703.4099719991541,794
-700.7448236937178,793
-698.0804093659622,826
-695.4167288411002,787
-692.7537819442656,816
-690.0915685005134,814
-687.4300883348199,796
-684.7693412720819,770
-682.1093271371178,791
-679.4500457546669,797
-676.7914969493897,772
-674.1336805458676,854
-671.4765963686034,829
-668.8202442420206,828
-666.1646239904642,815
-663.5097354382001,863
-660.8555784094151,828
-658.2021527282176,853
-655.5494582186366,852
-652.8974947046223,835
-650.2462620100463,810
-647.5957599587009,817
-644.9459883742998,833
-642.2969470804776,897
-639.6486359007902,865
-637.0010546587141,914
-634.3542031776476,812
-631.7080812809096,842
-629.0626887917401,845
-626.4180255333008,842
-623.7740913286734,835
-621.1308860008619,860
-618.4884093727904,797
-615.8466612673046,853
-613.2056415071715,825
-610.5653499150785,874
-607.9257863136347,865
-605.28695052537,865
-602.6488423727357,860
-600.0114616781036,859
-597.3748082637674,859
-594.7388819519412,881
-592.1036825647604,877
-589.4692099242818,903
-586.8354638524829,873
-584.2024441712624,865
-581.5701507024403,821
-578.9385832677575,837
-576.3077416888759,848
-573.6776257873787,873
-571.0482353847704,841
-568.4195703024757,860
-565.7916303618415,860
-563.164415384135,907
-560.5379251905453,834
-557.9121596021815,870
-555.2871184400748,833
-552.6628015251767,886
-550.0392086783606,870
-547.4163397204204,883
-544.794194472071,897
-542.1727727539491,828
-539.5520743866118,906
-536.9320991905377,914
-534.3128469861261,948
-531.6943175936979,990
-529.0765108334947,1003
-526.4594265256793,1044
-523.8430644903358,1171
-521.2274245474689,1305
-518.612506517005,1427
-515.9983102187913,1519
-513.3848354725959,1606
-510.77208209810846,1761
-508.16004991493924,1777
-505.5487387426199,1927
-502.9381484006032,2130
-500.3282787082628,2164
-497.71912948489364,2201
-495.1107005497117,2210
-492.5029917218539,2107
-489.8960028203786,1872
-487.28973366426493,1660
-484.68418407241325,1437
-482.07935386364494,1350
-479.47524285670266,1303
-476.87185087025,1248
-474.2691777228715,1206
-471.66722323307334,1208
-469.0659872192821,1152
-466.4654694998459,1153
-463.86566989303384,1090
-461.26658821703614,1087
-458.66822428996414,1102
-456.07057792985,1125
-453.4736489546475,1122
-450.877437182231,1117
-448.28194243039627,1087
-445.68716451686,1030
-443.09310325926003,1116
-440.49975847515555,1101
-437.9071299820263,1045
-435.31521759727354,1140
-432.72402113821954,1080
-430.13354042210767,1100
-427.5437752661022,1172
-424.95472548728867,1169
-422.36639090267386,1146
-419.7787713291855,1209
-417.1918665836721,1152
-414.60567648290385,1202
-412.0202008435715,1187
-409.4354394822874,1168
-406.8513922155845,1155
-404.26805885991723,1146
-401.685439231661,1206
-399.103533147112,1149
-396.522340422488,1142
-393.9418608739278,1205
-391.3620943174908,1133
-388.7830405691583,1084
-386.2046994448317,1143
-383.6270707603344,1062
-381.05015433141045,906
-378.473949973725,886
-375.8984575028645,850
-373.32367673433623,777
-370.74960748356875,743
-368.1762495659117,653
-365.60360279663576,636
-363.03166699093265,607
-360.4604419639154,627
-357.8899275306178,606
-355.32012350599507,501
-352.7510297049233,514
-350.1826459421999,564
-347.61497203254316,581
-345.04800779059235,548
-342.4817530309082,511
-339.91620756797226,515
-337.35137121618743,496
-334.7872437898774,514
-332.22382510328725,502
-329.66111497058273,562
-327.09911320585127,523
-324.53781962310075,518
-321.9772340362607,541
-319.4173562591816,630
-316.8581861056348,671
-314.2997233893127,662
-311.7419679238294,676
-309.1849195227194,649
-306.62857799943856,606
-304.0729431673641,564
-301.51801483979375,543
-298.963792829947,564
-296.41027695096386,585
-293.85746701590574,615
-291.3053628377552,631
-288.7539642294155,661
-286.2032710037115,653
-283.65328297338897,662
-281.1039999511146,683
-278.5554217494762,788
-276.007548180983,690
-273.4603790580651,690
-270.9139141930734,663
-268.3681533982807,685
-265.8230964858798,641
-263.27874326798565,593
-260.7350935566336,621
-258.1921471637804,641
-255.6499039013039,718
-253.10836358100266,781
-250.56752601459698,685
-248.02739101372765,727
-245.48795838995704,811
-242.94922795476816,826
-240.41119951956557,746
-237.8738728956746,939
-235.33724789434166,946
-232.80132432673452,870
-230.2661020039418,1010
-227.73158073697357,984
-225.19776033676033,744
-222.66464061415422,775
-220.1322213799284,811
-217.60050244477725,821
-215.06948361931552,776
-212.53916471408013,792
-210.00954553952818,790
-207.48062590603843,797
-204.9524056239104,854
-202.4248845033651,870
-199.8980623545441,971
-197.37193898751036,806
-194.84651421224817,820
-192.32178783866232,910
-189.79775967657952,897
-187.27442953574644,889
-184.7517972258321,902
-182.2298625564256,827
-179.7086253370378,865
-177.18808537710026,1017
-174.66824248596583,1046
-172.14909647290835,1117
-169.6306471471229,1093
-167.11289431772548,1004
-164.59583779375328,1067
-162.07947738416453,1149
-159.5638128978386,1127
-157.04884414357605,1106
-154.53457093009854,1105
-152.02099306604828,1097
-149.50811035998936,1141
-146.99592262040665,1222
-144.48442965570587,1184
-141.97363127421409,1248
-139.46352728417958,1402
-136.95411749377126,1494
-134.44540171107985,1712
-131.93737974411636,1523
-129.43005140081357,1450
-126.92341648902493,1392
-124.41747481652521,1575
-121.91222619101006,1527
-119.40767042009657,1391
-116.90380731132257,1398
-114.40063667214702,1540
-111.8981583099503,1777
-109.3963720320337,1777
-106.89527764561933,1479
-104.39487495785067,1518
-101.89516377579241,1706
-99.39614390642998,1852
-96.89781515667039,1793
-94.40017733334128,1936
-91.90323024319173,1957
-89.40697369289148,1815
-86.91140748903172,1842
-84.41653143812482,1882
-81.92234534660395,2049
-79.42884902082358,2243
-76.93604226705907,2353
-74.4439248915071,2420
-71.95249670028534,2434
-69.46175749943245,2222
-66.97170709490854,2353
-64.48234529259423,2943
-61.99367189829195,3210
-59.50568671772464,2936
-57.01838955653636,3008
-54.53178022029283,3039
-52.045858514480074,3274
-49.560624244506016,3817
-47.07607721569923,3701
-44.59221723330904,3485
-42.10904410250669,3590
-39.62655762838392,4201
-37.14475761595372,5042
-34.66364387015028,5505
-32.18321619582866,6732
-29.70347439776515,7313
-27.224418280657005,8037
-24.74604764912317,11261
-22.26836230770266,15616
-19.7913620608565,25783
-17.315046712966478,39903
-14.83941606833514,47455
-12.36446993118659,65038
-9.89020810566592,65038
-7.416630395839093,65038
-4.94373660569363,65038
-2.471526539137585,65038
-6.821210263296962E-13,65038
2.47084320796705,65038
4.941003281093458,65038
7.410480415786196,65038
9.879274808531363,65038
12.347386655893956,65038
14.814816154518212,65038
17.28156350112681,65038
19.74762889252179,65038
22.21301252558385,65038
24.67771459727237,65038
27.141735304626195,44549
29.605074844762612,18167
32.06773341487792,9821
34.52971121224755,6988
36.99100843422559,7525
39.45162527824516,8837
41.91156194181792,7958
44.370818622535126,11045
46.82939551806646,15496
49.287292826160524,13681
51.74451074464503,12177
54.201049471426245,7895
56.65690920448981,4602
59.112090141899785,3694
61.56659248179983,3677
64.02041642241159,3608
66.4735621620365,3152
68.92602989905402,2570
71.37781983192338,2074
73.82893215918205,2716
76.27936707944684,2573
78.72912479141326,2450
81.17820549385567,2313
83.62660938562783,2573
86.07433666566146,2623
88.5213875329681,2710
90.96776218663751,2502
93.41346082583925,2786
95.85848364982041,2997
98.30283085790859,2288
100.7465026495089,2291
103.18949922410604,2562
105.63182078126385,2011
108.07346752062438,2342
110.51443964190923,2408
112.95473734491827,1874
115.39436082953114,1746
117.83331029570547,1762
120.27158594347827,2098
122.7091879729652,1789
125.1461165843615,1654
127.58237197794062,1683
130.01795435405518,1466
132.4528639131364,1502
134.88710085569494,1577
137.32066538231982,1701
139.75355769367923,1595
142.1857779905207,1573
144.61732647366978,1450
147.04820334403132,1499
149.47840880258934,1456
151.90794305040674,1565
154.33680628862487,1605
156.76499871846443,1624
159.19252054122433,1742
161.61937195828352,1943
164.04555317109896,1904
166.47106438120693,2063
168.89590579022217,2441
171.320077599839,2530
173.7435800118302,2472
176.16641322804742,2553
178.58857745042144,2777
181.01007288096173,2872
183.43089972175687,2809
185.85105817497413,2730
188.27054844285988,2790
190.6893707277394,2836
193.10752523201643,2896
195.5250121581745,3008
197.9418317087751,2931
200.3579840864594,2850
202.7734694939469,2910
205.18828813403627,2906
207.6024402096051,2853
210.01592592360964,2914
212.42874547908548,2974
214.84089907914665,2939
217.2523869269868,2924
219.66320922587727,2905
222.0733661791695,3011
224.48285799029293,2899
226.8916848627572,3108
229.29984700014882,3193
231.7073446061355,3224
234.11417788446204,3103
236.520347038953,3255
238.92585227351185,3402
241.33069379212054,3517
243.73487179884035,3450
246.1383864978112,3373
248.541238093252,3281
250.9434267894609,3371
253.34495279081432,3443
255.74581630176783,3423
258.1460175268563,3486
260.54555667069314,3449
262.9444339379703,3526
265.3426495334594,3393
267.7402036620107,3306
270.1370965285529,3231
272.53332833809407,3070
274.9288992957214,3012
277.32380960660055,2997
279.718059475976,2947
282.1116491091717,2831
284.5045787115897,2934
286.89684848871195,3017
289.2884586460981,2923
291.67940938938807,2859
294.0697009242996,2773
296.4593334566299,2760
298.84830719225477,2786
301.23662233712923,2817
303.6242790972866,2826
306.01127767884,2706
308.39761828798066,2831
310.78330113097934,2694
313.16832641418534,2698
315.5526943440269,2666
317.9364051270112,2721
320.3194589697242,2595
322.70185607883093,2554
325.0835966610754,2511
327.4646809232805,2467
329.8451090723478,2553
332.2248813152577,2622
334.6039978590701,2446
336.9824589109231,2403
339.36026467803447,2433
341.7374153677,2411
344.113911187295,2324
346.48975234427337,2336
348.8649390461686,2343
351.2394715005918,2354
353.61334991523415,2339
355.9865744978655,2272
358.35914545633375,2333
360.73106299856715,2393
363.10232733257146,2342
365.47293866643247,2307
367.84289720831396,2282
370.2122031664593,2246
372.5808567491905,2211
374.9488581649083,2258
377.31620762209275,2284
379.6829053293021,2260
382.0489514951745,2196
384.4143463284262,2297
386.7790900378528,2206
389.14318283232853,2213
391.50662492080653,2214
393.86941651231916,2186
396.23155781597745,2197
398.5930490409713,2153
400.9538903965696,2204
403.3140820921202,2184
405.6736243370498,2190
408.03251734086336,2167
410.3907613131465,2059
412.74835646356166,2122
415.10530300185144,2149
417.4616011378372,2166
419.81725108141893,2210
422.1722530425758,2138
424.5266072313656,2172
426.880313857925,2203
429.2333731324701,2136
431.58578526529516,2198
433.9375504667738,2026
436.2886689473588,2048
438.63914091758113,2075
440.9889665880513,2045
443.33814616945835,2132
445.68667987257015,2048
448.03456790823395,2084
450.3818104873759,2031
452.72840782100013,2060
455.07436012019105,2072
457.41966759611057,2108
459.7643304600007,2062
462.10834892318155,2112
464.4517231970525,2062
466.79445349309174,2165
469.1365400228566,2102
471.4779829979826,2130
473.81878263018564,2162
476.15893913125876,2170
478.4984527130747,2161
480.8373235875855,2255
483.17555196682144,2229
485.5131380628919,2246
487.8500820879857,2436
490.1863842543697,2496
492.52204477439034,2639
494.8570638604725,2974
497.1914417251204,3289
499.52517858091653,3574
501.85827464052306,3789
504.19073011668036,3913
506.5225452222086,3762
508.85372017000566,3815
511.18425517304956,3594
513.514150444396,3758
515.8434061971808,4142
518.1720226446176,4757
520.4999999999999,5125
522.8273384766991,5199
525.1540382881666,5508
527.480099647932,5466
529.8055227696037,4656
532.1303078668694,3401
534.454455153496,2565
536.777964843328,2261
539.1008371502907,2047
541.4230722883866,2026
543.744670471698,2000
546.0656319143858,1982
548.3859568306899,2001
550.7056454349294,1967
553.0246979415016,1963
555.3431145648834,1874
557.6608955196306,1886
559.978041020377,1903
562.2945512818363,1862
564.6104265188006,1931
566.9256669461412,1964
569.2402727788082,1858
571.5542442318302,1770
573.8675815203156,1876
576.1802848594508,1871
578.4923544645015,1859
580.8037905508126,1850
583.114593333807,1945
585.4247630289875,1872
587.7342998519354,1794
590.0432040183106,1857
592.3514757438526,1815
594.6591152443794,1906
596.9661227357875,1809
599.2724984340531,1892
601.578242555231,1865
603.8833553154542,1884
606.1878369309362,1916
608.4916876179676,1948
610.7949075929192,1956
613.0974970722403,1917
615.3994562724587,1853
617.7007854101818,1862
620.0014847020951,1955
622.3015543649641,1883
624.6009946156324,1885
626.8998056710224,1858
629.1979877481361,1932
631.4955410640538,1911
633.7924658359349,1874
636.0887622810175,1913
638.3844306166192,1994
640.6794710601358,1963
642.9738838290426,1965
645.2676691408932,1940
647.5608272133207,1953
649.853358264037,1901
652.1452625108324,1917
654.4365401715764,1938
656.7271914642178,1899
659.0172166067838,1965
661.3066158173809,1945
663.5953893141935,1961
665.8835373154867,1928
668.1710600396028,1939
670.4579577049639,1947
672.7442305300709,1911
675.0298787335033,1926
677.3149025339197,1950
679.599302150058,2020
681.8830778007342,1972
684.1662297048437,1927
686.4487580813608,1964
688.7306631493387,1908
691.0119451279091,1949
693.2926042362834,2032
695.5726406937516,1969
697.8520547196814,1958
700.1308465335215,1953
702.4090163547982,1902
704.6865644031171,1957
706.9634908981619,2004
709.2397960596965,1914
711.5154801075631,1934
713.7905432616823,1906
716.0649857420548,1918
718.3388077687592,1928
720.612009561953,1931
722.8845913418733,1974
725.1565533288352,1926
727.427895743234,2006
729.6986188055427,1970
731.9687227363137,1975
734.238207756178,1941
736.5070740858458,1959
738.7753219461066,1896
741.0429515578281,1916
743.3099631419569,1913
745.5763569195191,1887
747.8421331116193,1866
750.1072919394409,1938
752.3718336242467,1933
754.6357583873777,1946
756.8990664502545,1944
759.1617580343765,1908
761.423833361321,1955
763.6852926527457,1922
765.9461361303862,1876
768.206364016058,1894
770.4659765316536,1930
772.7249738991469,1900
774.9833563405886,1960
777.2411240781092,1917
779.4982773339183,1984
781.7548163303044,1949
784.010741289634,2037
786.2660524343538,2103
788.5207499869881,1891
790.7748341701416,1928
793.0283052064964,1964
795.2811633188143,1999
797.5334087299362,1874
799.7850416627813,1948
802.0360623403484,1980
804.2864709857143,1944
806.5362678220353,1951
808.7854530725468,1975
811.0340269605625,1946
813.2819897094754,1985
815.5293415427581,1961
817.77608268396,2030
820.0222133567116,1971
822.2677337847211,1979
824.5126441917765,1951
826.7569448017433,1948
829.0006358385675,1934
831.2437175262731,1988
833.4861900889629,1947
835.7280537508192,2002
837.9693087361026,1969
840.2099552691533,1939
842.4499935743896,1902
844.689423876309,1968
846.9282463994886,1976
849.1664613685833,1949
851.4040690083276,1978
853.6410695435349,1862
855.877463199097,1987
858.1132501999847,1972
860.3484307712487,2017
862.5830051380175,1983
864.8169735254988,1942
867.0503361589791,1999
869.2830932638243,2010
871.5152450654786,1970
873.7467917894654,1997
875.9777336613873,2009
878.2080709069252,2067
880.4378037518389,1992
882.666932421968,2078
884.8954571432301,2030
887.1233781416219,2069
889.3506956432192,2094
891.5774098741766,2057
893.803521060728,2076
896.0290294291852,2052
898.2539352059397,1981
900.4782386174619,2040
902.7019398903011,2063
904.925039251085,1991
907.147536926521,2063
909.3694331433943,2024
911.59072812857,2038
913.8114221089921,1960
916.0315153116827,2007
918.2510079637437,1981
920.4699002923547,1989
922.6881925247761,1974
924.905884888345,2009
927.1229776104793,1985
929.3394709186747,1974
931.555365040506,1972
933.7706602036275,2022
935.9853566357709,1996
938.1994545647489,1970
940.4129542184515,2019
942.6258558248488,1979
944.8381596119883,1977
947.0498658079974,1990
949.2609746410825,1982
951.4714863395287,1906
953.6814011316998,1987
955.8907192460387,1959
958.0994409110671,1964
960.3075663553858,2004
962.5150958076741,1951
964.7220294966913,1982
966.928367651274,1938
969.1341105003388,1931
971.3392582728806,1950
973.5438111979742,1891
975.747769504772,1925
977.9511334225061,1926
980.153903180487,1959
982.3560790081052,1836
984.5576611348289,1886
986.7586497902058,1853
988.9590452038618,1822
991.158847605503,1790
993.3580572249133,1858
995.5566742919558,1740
997.7546990365728,1730
999.952131688785,1710
1002.1489724786926,1740
1004.3452216364743,1698
1006.5408793923874,1721
1008.7359459767691,1740
1010.9304216200343,1696
1013.1243065526781,1642
1015.3176010052733,1635
1017.510305208472,1619
1019.7024193930064,1650
1021.8939437896848,1595
1024.0848786293977,1603
1026.2752241431122,1581
1028.4649805618747,1552
1030.6541481168115,1551
1032.842727039127,1579
1035.0307175601051,1579
1037.2181199111074,1586
1039.4049343235752,1587
1041.591161029029,1599
1043.7768002590683,1561
1045.9618522453698,1562
1048.1463172196918,1557
1050.3301954138697,1571
1052.513487059818,1592
1054.69619238953,1635
1056.8783116350783,1572
1059.0598450286152,1554
1061.2407928023704,1598
1063.4211551886528,1561
1065.6009324198508,1573
1067.780124728432,1585
1069.9587323469414,1573
1072.1367555080046,1538
1074.314194444325,1594
1076.4910493886855,1524
1078.667320573947,1570
1080.843008233051,1509
1083.0181125990161,1581
1085.1926339049414,1521
1087.3665723840027,1472
1089.5399282694575,1464
1091.7127017946405,1470
1093.8848931929647,1470
1096.0565026979243,1460
1098.2275305430899,1454
1100.3979769621128,1519
1102.567842188722,1511
1104.737126456726,1449
1106.9058300000124,1466
1109.0739530525475,1511
1111.2414958483764,1439
1113.4084586216231,1500
1115.5748416064907,1447
1117.7406450372605,1434
1119.9058691482942,1505
1122.0705141740304,1479
1124.2345803489884,1407
1126.3980679077658,1474
1128.5609770850388,1449
1130.7233081155623,1437
1132.8850612341707,1448
1135.0462366757774,1430
1137.2068346753745,1500
1139.3668554680326,1505
1141.526299288901,1394
1143.68516637321,1443
1145.8434569562655,1441
1148.001171273455,1407
1150.158309560244,1384
1152.3148720521767,1417
1154.470858984876,1415
1156.626270594044,1428
1158.7811071154629,1353
1160.9353687849912,1443
1163.089055838569,1442
1165.242168512213,1403
1167.3947070420209,1476
1169.5466716641677,1439
1171.6980626149075,1447
1173.8488801305748,1412
1175.9991244475814,1457
1178.1487958024186,1380
1180.2978944316555,1338
1182.4464205719428,1418
1184.5943744600072,1441
1186.7417563326567,1437
1188.8885664267755,1396
1191.0348049793297,1370
1193.1804722273619,1404
1195.325568407995,1396
1197.4700937584303,1431
1199.614048515948,1395
1201.7574329179074,1417
1203.900247201746,1360
1206.042491604982,1389
1208.1841663652099,1482
1210.3252717201053,1429
1212.465807907422,1474
1214.6057751649923,1419
1216.7451737307279,1419
1218.8840038426192,1418
1221.0222657387353,1376
1223.1599596572241,1426
1225.2970858363137,1414
1227.4336445143094,1425
1229.5696359295966,1459
1231.705060320639,1406
1233.8399179259786,1444
1235.9742089842384,1436
1238.107933734118,1408
1240.2410924143974,1465
1242.373685263935,1443
1244.5057125216676,1449
1246.6371744266116,1445
1248.7680712178621,1433
1250.898403134593,1373
1253.028170416058,1420
1255.1573733015875,1406
1257.2860120305932,1448
1259.4140868425648,1499
1261.54159797707,1446
1263.6685456737569,1505
1265.7949301723515,1517
1267.9207517126597,1485
1270.046010534565,1501
1272.1707068780306,1480
1274.2948409830983,1508
1276.4184130898889,1412
1278.541423438603,1455
1280.6638722695184,1426
1282.785759822993,1529
1284.9070863394636,1453
1287.0278520594447,1508
1289.1480572235314,1513
1291.2677020723963,1451
1293.3867868467923,1493
1295.5053117875495,1497
1297.623277135579,1546
1299.740683131868,1533
1301.8575300174857,1516
1303.973818033578,1622
1306.0895474213703,1550
1308.2047184221678,1563
1310.3193312773528,1595
1312.4333862283888,1526
1314.5468835168163,1571
1316.659823384255,1590
1318.7722060724045,1503
1320.8840318230418,1579
1322.9953008780249,1629
1325.1060134792888,1621
1327.2161698688478,1640
1329.3257702887959,1608
1331.4348149813054,1642
1333.5433041886276,1633
1335.6512381530933,1568
1337.7586171171101,1543
1339.8654413231675,1501
1341.9717110138317,1590
1344.0774264317488,1561
1346.1825878196432,1515
1348.2871954203192,1586
1350.3912494766587,1487
1352.4947502316231,1574
1354.5976979282532,1578
1356.7000928096686,1482
1358.8019351190665,1540
1360.9032250997243,1553
1363.0039629949988,1554
1365.1041490483235,1524
1367.2037835032133,1599
1369.3028666032606,1493
1371.401398592137,1573
1373.4993797135926,1509
1375.5968102114575,1484
1377.6936903296396,1495
1379.7900203121262,1597
1381.8858004029835,1566
1383.9810308463561,1554
1386.075711886469,1619
1388.1698437676241,1672
1390.2634267342032,1631
1392.356461030667,1622
1394.4489469015557,1536
1396.5408845914872,1530
1398.6322743451592,1615
1400.7231164073469,1549
1402.813411022907,1566
1404.903158436773,1617
1406.9923588939578,1636
1409.0810126395531,1593
1411.1691199187303,1588
1413.2566809767386,1596
1415.343696058907,1554
1417.4301654106425,1615
1419.5160892774315,1668
1421.6014679048399,1704
1423.6863015385125,1666
1425.7705904241707,1660
1427.8543348076178,1659
1429.9375349347342,1672
1432.0201910514802,1658
1434.102303403894,1613
1436.1838722380944,1645
1438.2648978002767,1681
1440.3453803367174,1672
1442.4253200937692,1731
1444.5047173178677,1729
1446.5835722555234,1753
1448.6618851533285,1847
1450.739656257952,1854
1452.8168858161434,1791
1454.8935740747306,1811
1456.96972128062,1830
1459.045327680797,1883
1461.120393522327,1943
1463.1949190523528,1888
1465.2689045180973,1924
1467.3423501668608,2007
1469.415256246024,2061
1471.4876230030463,1994
1473.559450685465,2089
1475.6307395408976,2101
1477.7014898170391,2103
1479.771701761665,2030
1481.8413756226287,2097
1483.9105116478618,2153
1485.9791100853772,2171
1488.0471711832643,2229
1490.1146951896926,2145
1492.1816823529098,2254
1494.2481329212433,2278
1496.3140471430984,2299
1498.3794252669609,2320
1500.4442675413939,2289
1502.5085742150404,2340
1504.572345536622,2408
1506.6355817549388,2356
1508.6982831188702,2380
1510.7604498773744,2380
1512.8220822794883,2422
1514.8831805743293,2396
1516.9437450110909,2340
1519.003775839048,2378
1521.0632733075522,2418
1523.1222376660367,2433
1525.1806691640113,2460
1527.2385680510652,2472
1529.2959345768668,2558
1531.3527689911643,2518
1533.4090715437833,2622
1535.4648424846291,2549
1537.5200820636855,2625
1539.5747905310159,2642
1541.6289681367616,2724
1543.6826151311434,2705
1545.7357317644614,2784
1547.7883182870937,2613
1549.8403749494987,2758
1551.8919020022113,2879
1553.9428996958477,2910
1555.9933682811015,2864
1558.0433080087469,2981
1560.0927191296346,2938
1562.1416018946961,2934
1564.1899565549415,2951
1566.2377833614592,2966
1568.2850825654164,2912
1570.3318544180606,2924
1572.3780991707158,2934
1574.423817074788,2807
1576.4690083817595,2707
1578.5136733431923,2601
1580.5578122107272,2466
1582.601425236085,2400
1584.6445126710646,2326
1586.6870747675434,2331
1588.7291117774776,2209
1590.7706239529034,2087
1592.8116115459347,2060
1594.8520748087658,2009
1596.8920139936686,1923
1598.9314293529933,1879
1600.9703211391711,1829
1603.008689604711,1872
1605.0465350022005,1795
1607.0838575843068,1817
1609.1206576037753,1712
1611.1569353134305,1722
1613.1926909661765,1706
1615.2279248149953,1696
1617.2626371129481,1635
1619.2968281131757,1626
1621.3304980688963,1612
1623.3636472334088,1621
1625.39627586009,1595
1627.428384202396,1563
1629.459972513861,1532
1631.4910410480993,1578
1633.5215900588028,1591
1635.551619799744,1541
1637.5811305247717,1515
1639.6101224878166,1543
1641.6385959428862,1527
1643.6665511440683,1500
1645.693988345528,1467
1647.7209078015112,1493
1649.7473097663405,1513
1651.7731944944203,1471
1653.7985622402307,1478
1655.823413258333,1410
1657.847747803366,1471
1659.8715661300494,1447
1661.8948684931793,1466
1663.9176551476316,1509
1665.9399263483624,1471
1667.9616823504057,1416
1669.982923408873,1520
1672.0036497789574,1393
1674.0238617159293,1331
1676.043559475138,1427
1678.0627433120121,1378
1680.081413482059,1474
1682.0995702408654,1414
1684.117213844096,1431
1686.134344547495,1409
1688.1509626068864,1418
1690.1670682781705,1379
1692.182661817329,1471
1694.1977434804217,1426
1696.2123135235875,1392
1698.226372203043,1425
1700.2399197750851,1418
1702.2529564960905,1426
1704.2654826225112,1435
1706.277498410882,1505
1708.2890041178139,1458
1710.2999999999988,1491
1712.3104863142066,1481
1714.3204633172854,1467
1716.329931266163,1482
1718.3388904178469,1402
1720.3473410294214,1397
1722.3552833580516,1409
1724.3627176609807,1416
1726.3696441955308,1340
1728.3760632191033,1420
1730.3819749891782,1408
1732.3873797633146,1382
1734.3922777991502,1395
1736.3966693544012,1366
1738.4005546868639,1393
1740.4039340544127,1391
1742.406807715001,1400
1744.4091759266616,1388
1746.4110389475054,1352
1748.4123970357223,1390
1750.413250449582,1382
1752.4135994474318,1354
1754.4134442876993,1376
1756.4127852288902,1338
1758.4116225295893,1355
1760.4099564484595,1299
1762.407787244244,1338
1764.405115175764,1387
1766.4019405019203,1356
1768.3982634816916,1319
1770.3940843741357,1358
1772.3894034383907,1310
1774.3842209336717,1355
1776.378537119274,1387
1778.372352254571,1345
1780.3656665990156,1311
1782.3584804121397,1346
1784.3507939535534,1370
1786.3426074829463,1332
1788.3339212600863,1371
1790.3247355448211,1295
1792.3150505970766,1337
1794.3048666768573,1313
1796.2941840442477,1363
1798.2830029594106,1290
1800.2713236825884,1299
1802.2591464741004,1356
1804.2464715943465,1284
1806.2332993038058,1318
1808.2196298630352,1289
1810.2054635326708,1296
1812.190800573428,1332
1814.175641246101,1329
1816.1599858115628,1311
1818.1438345307652,1309
1820.127187664738,1296
1822.1100454745924,1327
1824.092408221516,1314
1826.0742761667766,1241
1828.055649571721,1342
1830.0365286977735,1291
1832.0169138064398,1321
1833.9968051593014,1323
1835.9762030180214,1293
1837.9551076443408,1324
1839.9335193000788,1281
1841.9114382471344,1310
1843.888864747485,1329
1845.8657990631878,1285
1847.842241456378,1262
1849.8181921892697,1290
1851.7936515241558,1338
1853.7686197234098,1292
1855.7430970494815,1269
1857.7170837649014,1298
1859.6905801322787,1291
1861.6635864143004,1287
1863.6361028737338,1253
1865.608129773424,1256
1867.5796673762961,1372
1869.5507159453537,1338
1871.521275743678,1299
1873.4913470344313,1320
1875.4609300808534,1315
1877.4300251462632,1301
1879.3986324940588,1320
1881.366752387717,1366
1883.3343850907936,1333
1885.3015308669228,1312
1887.268189979819,1392
1889.2343626932739,1373
1891.2000492711595,1365
1893.1652499774254,1416
1895.1299650761011,1357
1897.0941948312952,1391
1899.0579395071945,1335
1901.0211993680641,1356
1902.98397467825,1337
1904.9462657021745,1360
1906.9080727043415,1330
1908.869395949332,1382
1910.8302357018065,1384
1912.790592226504,1287
1914.7504657882428,1258
1916.7098566519212,1321
1918.6687650825133,1346
1920.6271913450764,1282
1922.5851357047422,1361
1924.5425984267245,1332
1926.499579776314,1313
1928.4560800188833,1339
1930.4120994198802,1323
1932.367638244833,1347
1934.32269675935,1336
1936.2772752291175,1316
1938.231373919899,1377
1940.1849930975404,1335
1942.1381330279637,1374
1944.0907939771696,1327
1946.0429762112412,1307
1947.9946799963363,1323
1949.9459055986945,1344
1951.896653284633,1310
1953.8469233205478,1326
1955.7967159729142,1334
1957.7460315082863,1309
1959.6948701932974,1304
1961.6432322946594,1289
1963.5911180791632,1295
1965.5385278136787,1346
1967.4854617651545,1337
1969.4319202006182,1404
1971.377903387176,1332
1973.3234115920136,1328
1975.268445082395,1326
1977.2130041256642,1310
1979.1570889892423,1350
1981.1006999406304,1296
1983.04383724741,1347
1984.986501177238,1281
1986.928691997853,1314
1988.8704099770712,1322
1990.811655382789,1274
1992.7524284829801,1377
1994.692729545698,1346
1996.6325588390755,1271
1998.5719166313224,1316
2000.5108031907307,1278
2002.4492187856677,1329
2004.387163684583,1339
2006.3246381560011,1330
2008.2616424685298,1304
2010.1981768908527,1258
2012.1342416917332,1304
2014.069837140014,1279
2016.0049635046162,1284
2017.9396210545406,1278
2019.8738100588666,1292
2021.8075307867502,1270
2023.740783507431,1302
2025.6735684902228,1302
2027.6058860045214,1312
2029.5377363198004,1286
2031.4691197056118,1319
2033.4000364315875,1273
2035.3304867674374,1307
2037.260470982952,1274
2039.189989347998,1291
2041.1190421325232,1263
2043.047629606554,1254
2044.9757520401945,1249
2046.9034097036288,1319
2048.8306028671195,1310
2050.7573318010086,1249
2052.683596775716,1244
2054.609398061742,1264
2056.5347359296647,1287
2058.4596106501403,1290
2060.384022493906,1251
2062.3079717317764,1262
2064.231458634646,1274
2066.1544834734873,1256
2068.077046519352,1308
2069.99914804337,1274
2071.9207883167524,1295
2073.8419676107865,1277
2075.7626861968406,1281
2077.6829443463607,1304
2079.6027423308715,1270
2081.522080421977,1314
2083.440958891362,1307
2085.359378010786,1307
2087.2773380520907,1338
2089.194839287196,1330
2091.111881988101,1273
2093.0284664268825,1291
2094.9445928756973,1279
2096.86026160678,1279
2098.775472892446,1262
2100.690227005088,1262
2102.604524217178,1263
2104.5183648012676,1305
2106.431749029985,1259
2108.34467717604,1290
2110.2571495122206,1267
2112.169166311393,1284
2114.080727846503,1286
2115.9918343905747,1323
2117.902486216711,1290
2119.8126835980956,1292
2121.722426807987,1289
2123.6317161197285,1268
2125.5405518067364,1289
2127.448934142509,1287
2129.356863400624,1284
2131.264339854737,1324
2133.1713637785815,1235
2135.077935445972,1302
2136.9840551308002,1279
2138.889723107037,1316
2140.7949396487334,1308
2142.699705030018,1299
2144.6040195250994,1285
2146.507883408264,1281
2148.4112969538774,1253
2150.3142604363848,1288
2152.2167741303097,1312
2154.1188383102535,1306
2156.0204532508997,1331
2157.9216192270064,1317
2159.822336513414,1297
2161.7226053850413,1316
2163.622426116884,1267
2165.5217989840185,1293
2167.4207242616,1327
2169.319202224862,1281
2171.2172331491165,1306
2173.1148173097563,1293
2175.0119549822507,1277
2176.90864644215,1275
2178.8048919650823,1217
2180.7006918267534,1310
2182.596046302952,1283
2184.4909556695407,1296
2186.3854202024645,1291
2188.279440177746,1332
2190.173015871487,1330
2192.066147559868,1333
2193.958835519149,1312
2195.851080025667,1258
2197.7428813558417,1296
2199.6342397861667,1257
2201.5251555932186,1251
2203.415629053651,1282
2205.3056604441986,1271
2207.19525004167,1308
2209.084398122958,1346
2210.9731049650327,1329
2212.861370844941,1240
2214.749196039812,1329
2216.636580826851,1302
2218.523525483344,1255
2220.410030286655,1271
2222.296095514226,1303
2224.1817214435805,1316
2226.066908352319,1251
2227.951656518121,1366
2229.835966218746,1293
2231.71983773203,1289
2233.6032713358913,1280
2235.486267308324,1284
2237.3688259274036,1265
2239.2509474712824,1306
2241.132632218193,1327
2243.013880446447,1310
2244.8946924344323,1337
2246.7750684606203,1308
2248.6550088035574,1245
2250.534513741871,1295
2252.413583554265,1312
2254.292218519526,1347
2256.170418916517,1278
2258.0481850241786,1355
2259.925517121534,1306
2261.8024154876825,1294
2263.678880401803,1275
2265.5549121431536,1304
2267.430510991071,1309
2269.305677224971,1287
2271.180411124348,1313
2273.0547129687766,1292
2274.9285830379076,1302
2276.8020216114737,1247
2278.6750289692845,1354
2280.5476053912294,1315
2282.4197511572766,1294
2284.2914665474727,1296
2286.162751841943,1282
2288.0336073208937,1342
2289.904033264608,1266
2291.774029953448,1238
2293.6435976678554,1290
2295.5127366883517,1297
2297.381447295534,1275
2299.2497297700825,1290
2301.1175843927526,1294
2302.9850114443825,1328
2304.852011205885,1293
2306.7185839582553,1300
2308.5847299825664,1277
2310.4504495599676,1277
2312.3157429716925,1314
2314.1806104990483,1310
2316.0450524234247,1297
2317.9090690262888,1368
2319.772660589186,1306
2321.635827393742,1289
2323.498569721661,1305
2325.3608878547248,1306
2327.2227820747967,1314
2329.0842526638157,1312
2330.945299903803,1304
2332.805924076857,1318
2334.6661254651535,1328
2336.525904350951,1312
2338.3852610165827,1309
2340.244195744464,1321
2342.102708817088,1346
2343.9608005170253,1310
2345.8184711269287,1302
2347.675720929526,1273
2349.532550207628,1316
2351.38895924412,1336
2353.24494832197,1291
2355.100517724223,1292
2356.955667734004,1350
2358.810398634514,1343
2360.664710709037,1366
2362.5186042409337,1342
2364.3720795136437,1278
2366.225136810686,1312
2368.0777764156583,1329
2369.929998612237,1331
2371.7818036841777,1346
2373.633191915315,1294
2375.484163589562,1336
2377.3347189909114,1326
2379.184858403434,1363
2381.03458211128,1335
2382.8838903986775,1358
2384.732783549936,1335
2386.5812618494406,1318
2388.4293255816588,1290
2390.2769750311327,1330
2392.1242104824883,1302
2393.971032220427,1368
2395.8174405297295,1337
2397.6634356952563,1342
2399.509018001947,1368
2401.3541877348193,1316
2403.1989451789705,1305
2405.043290619576,1368
2406.8872243418905,1314
2408.730746631247,1348
2410.5738577730594,1322
2412.4165580528183,1357
2414.258847756095,1361
2416.100727168537,1328
2417.9421965758734,1303
2419.783256263912,1392
2421.623906518538,1377
2423.4641476257157,1338
2425.303979871491,1350
2427.143403541984,1343
2428.9824189233977,1363
2430.821026302012,1370
2432.6592259641866,1362
2434.497018196361,1410
2436.33440328505,1359
2438.171381516851,1372
2440.00795317844,1327
2441.844118556569,1375
2443.6798779380724,1368
2445.5152316098606,1340
2447.3501798589255,1330
2449.1847229723357,1332
2451.0188612372403,1326
2452.8525949408663,1341
2454.6859243705203,1354
2456.518849813587,1362
2458.3513715575314,1334
2460.183489889895,1354
2462.015205098301,1381
2463.8465174704493,1370
2465.67742729412,1382
2467.5079348571717,1364
2469.338040447542,1359
2471.1677443532476,1352
2472.9970468623833,1349
2474.825948263123,1344
2476.6544488437207,1369
2478.482548892508,1305
2480.310248697896,1337
2482.137548548374,1376
2483.9644487325118,1350
2485.790949538956,1388
2487.617051256433,1346
2489.44275417375,1339
2491.26805857979,1345
2493.0929647635157,1359
2494.917473013971,1391
2496.741583620276,1333
2498.5652968716304,1396
2500.3886130573137,1343
2502.2115324666834,1316
2504.0340553891765,1322
2505.856182114308,1359
2507.6779129316733,1385
2509.499248130945,1378
2511.3201880018764,1402
2513.140732834298,1402
2514.9608829181198,1326
2516.780638543331,1396
2518.6,1392
2520.418967578273,1391
2522.237541568376,1377
2524.0557222606144,1452
2525.8735099453706,1385
2527.6909049131086,1407
2529.507907454368,1401
2531.32451785977,1452
2533.140736420014,1407
2534.9565634258774,1393
2536.771999168218,1394
2538.5870439379714,1389
2540.4016980261526,1416
2542.2159617238544,1479
2544.02983532225,1418
2545.8433191125914,1417
2547.656413386209,1442
2549.4691184345115,1468
2551.2814345489874,1440
2553.093362021204,1500
2554.904901142808,1513
2556.716052205523,1491
2558.526815501153,1509
2560.3371913215824,1505
2562.147179958771,1482
2563.956781704761,1437
2565.7659968516705,1498
2567.5748256916986,1450
2569.3832685171224,1470
2571.1913256202984,1519
2572.9989972936614,1496
2574.806283829725,1535
2576.613185521084,1551
2578.4197026604074,1520
2580.2258355404483,1569
2582.031584454035,1554
2583.836949694077,1549
2585.6419315535613,1559
2587.4465303255533,1562
2589.2507463032002,1534
2591.0545797797245,1609
2592.8580310484303,1549
2594.6611004026995,1571
2596.463788135992,1533
2598.266094541849,1568
2600.0680199138874,1596
2601.869564545807,1549
2603.670728731383,1571
2605.4715127644704,1530
2607.2719169390048,1618
2609.071941548998,1550
2610.8715868885433,1570
2612.670853251811,1625
2614.469740933052,1564
2616.268250226594,1564
2618.0663814268455,1581
2619.864134828292,1522
2621.6615107255006,1520
2623.458509413115,1546
2625.2551311858597,1563
2627.0513763385347,1557
2628.8472451660223,1529
2630.6427379632833,1537
2632.4378550253564,1527
2634.232596647359,1515
2636.026963124488,1487
2637.8209547520187,1458
2639.6145718253065,1524
2641.407814639785,1470
2643.200683490966,1475
2644.9931786744414,1484
2646.7853004858807,1475
2648.577049221034,1389
2650.3684251757277,1455
2652.1594286458712,1447
2653.9500599274484,1417
2655.740319316525,1438
2657.5302071092437,1422
2659.3197236018286,1465
2661.10886909058,1439
2662.8976438718782,1422
2664.686048242183,1475
2666.4740824980327,1432
2668.2617469360443,1405
2670.0490418529134,1396
2671.8359675454153,1416
2673.622524310403,1368
2675.408712444811,1381
2677.1945322456495,1417
2678.979984010009,1376
2680.76506803506,1381
2682.5497846180497,1348
2684.334134056306,1364
2686.1181166472343,1368
2687.9017326883213,1322
2689.6849824771293,1367
2691.4678663113013,1321
2693.2503844885596,1373
2695.032537306705,1350
2696.8143250636167,1357
2698.5957480572542,1389
2700.3768065856534,1334
2702.1575009469316,1387
2703.937831439283,1390
2705.717798360982,1359
2707.4974020103837,1314
2709.276642685917,1328
2711.055520686095,1342
2712.834036309506,1314
2714.612189854819,1323
2716.389981620782,1282
2718.1674119062204,1283
2719.944481010041,1273
2721.721189231226,1280
2723.4975368688415,1306
2725.273524222027,1289
2727.0491515900053,1280
2728.824419272075,1273
2730.5993275676146,1268
2732.3738767760838,1330
2734.148067197016,1284
2735.921899130031,1250
2737.6953728748194,1272
2739.468488731156,1267
2741.2412469988926,1281
2743.0136479779617,1349
2744.785691968372,1284
2746.5573792702116,1270
2748.3287101836504,1344
2750.099685008934,1293
2751.870304046388,1318
2753.640567596418,1270
2755.4104759595057,1319
2757.1800294362156,1336
2758.949228327187,1319
2760.7180729331412,1291
2762.486563554877,1258
2764.254700493272,1210
2766.022484049284,1272
2767.789914523947,1305
2769.5569922183786,1297
2771.3237174337705,1212
2773.090090471394,1283
2774.8561116326036,1255
2776.6217812188274,1298
2778.3870995315756,1301
2780.1520668724356,1252
2781.9166835430747,1282
2783.6809498452394,1286
2785.444866080754,1275
2787.2084325515225,1298
2788.971649559527,1293
2790.73451740683,1261
2792.4970363955713,1325
2794.2592068279705,1307
2796.0210290063264,1334
2797.7825032330147,1255
2799.543629810493,1265
2801.304409041296,1283
2803.0648412280366,1294
2804.8249266734088,1277
2806.5846656801846,1309
2808.344058551212,1277
2810.1031055894246,1332
2811.8618070978273,1313
2813.6201633795085,1223
2815.378174737636,1319
2817.1358414754536,1274
2818.893163896285,1275
2820.6501423035334,1281
2822.4067770006814,1271
2824.1630682912883,1195
2825.9190164789957,1287
2827.6746218675207,1285
2829.429884760661,1301
2831.184805462294,1277
2832.9393842763743,1312
2834.693621506936,1291
2836.4475174580916,1282
2838.201072434034,1253
2839.954286739034,1243
2841.707160677441,1247
2843.459694553685,1297
2845.2118886722724,1250
2846.96374333779,1254
2848.7152588549034,1310
2850.4664355283567,1243
2852.217273662973,1266
2853.9677735636546,1314
2855.7179355353833,1301
2857.4677598832186,1323
2859.217246912299,1238
2860.9663969278427,1293
2862.715210235146,1289
2864.4636871395846,1287
2866.211827946614,1328
2867.9596329617652,1253
2869.7071024906536,1266
2871.4542368389684,1248
2873.20103631248,1301
2874.947501217038,1293
2876.6936318585695,1290
2878.4394285430812,1299
2880.1848915766604,1291
2881.9300212654707,1263
2883.6748179157553,1213
2885.4192818338374,1298
2887.1634133261173,1260
2888.907212699077,1278
2890.6506802592744,1344
2892.393816313348,1269
2894.1366211680142,1262
2895.8790951300693,1344
2897.621238506388,1279
2899.363051603925,1299
2901.1045347297118,1246
2902.8456881908596,1296
2904.58651229456,1339
2906.327007348081,1263
2908.067173658772,1237
2909.8070115340597,1274
2911.5465212814497,1294
2913.285703208527,1253
2915.0245576229563,1290
2916.7630848324807,1223
2918.5012851449196,1278
2920.2391588681758,1283
2921.976706310227,1210
2923.7139277791334,1259
2925.4508235830313,1335
2927.187394030137,1285
2928.923639428745,1266
2930.6595600872306,1247
2932.395156314046,1291
2934.1304284177218,1311
2935.8653767068713,1298
2937.6000014901815,1275
2939.3343030764227,1304
2941.068281774442,1276
2942.8019378931644,1252
2944.5352717415976,1297
2946.2682836288236,1307
2948.0009738640065,1335
2949.7333427563885,1273
2951.465390615289,1245
2953.1971177501086,1330
2954.9285244703265,1306
2956.6596110855,1303
2958.3903779052657,1252
2960.1208252393385,1254
2961.8509533975125,1235
2963.5807626896617,1225
2965.3102534257378,1263
2967.0394259157715,1229
2968.768280469873,1252
2970.496817398232,1193
2972.2250370111146,1230
2973.952939618869,1248
2975.6805255319196,1332
2977.4077950607707,1322
2979.134748516006,1279
2980.861386208289,1274
2982.587708448359,1265
2984.313715547037,1285
2986.039407815222,1274
2987.764785563891,1278
2989.489849104102,1272
2991.2145987469908,1301
2992.9390348037705,1229
2994.6631575857346,1254
2996.3869674042576,1228
2998.1104645707887,1210
2999.83364939686,1194
3001.5565221940783,1234
3003.2790832741334,1267
3005.0013329487924,1237
3006.7232715298996,1291
3008.4448993293804,1223
3010.166216659239,1254
3011.887223831558,1288
3013.607921158498,1272
3015.3283089522993,1246
3017.0483875252826,1262
3018.7681571898443,1247
3020.4876182584626,1237
3022.2067710436927,1236
3023.9256158581707,1261
3025.644153014609,1305
3027.362382825801,1308
3029.0803056046193,1260
3030.797921664012,1302
3032.5152313170106,1216
3034.2322348767225,1271
3035.9489326563353,1199
3037.665324969115,1280
3039.3814121284063,1276
3041.097194447633,1261
3042.812672240299,1291
3044.5278458199855,1251
3046.2427155003525,1272
3047.9572815951406,1235
3049.671544418167,1289
3051.38550428333,1238
3053.0991615046073,1297
3054.812516396051,1266
3056.5255692717974,1236
3058.2383204460575,1252
3059.9507702331257,1272
3061.662918947372,1266
3063.3747669032446,1246
3065.0863144152736,1270
3066.7975617980674,1282
3068.508509366309,1276
3070.219157434767,1279
3071.9295063182844,1265
3073.639556331785,1249
3075.3493077902704,1268
3077.058761008821,1276
3078.7679163025964,1286
3080.476773986837,1245
3082.1853343768594,1246
3083.89359778806,1292
3085.6015645359153,1263
3087.3092349359786,1257
3089.016609303884,1258
3090.7236879553434,1307
3092.4304712061476,1222
3094.136959372166,1213
3095.843152769349,1250
3097.5490517137237,1255
3099.2546565213966,1246
3100.959967508554,1217
3102.66498499146,1297
3104.3697092864577,1233
3106.0741407099695,1304
3107.778279578498,1315
3109.482126208622,1306
3111.1856809170004,1319
3112.8889440203716,1248
3114.5919158355528,1255
3116.294596679439,1288
3117.996986869006,1283
3119.6990867213062,1283
3121.4008965534726,1297
3123.102416682717,1299
3124.803647426329,1262
3126.5045891016784,1273
3128.205242026213,1340
3129.90560651746,1278
3131.605682893025,1312
3133.3054714705922,1308
3135.0049725679282,1298
3136.7041865028714,1268
3138.4031135933465,1257
3140.101754157353,1215
3141.800108512971,1253
3143.498176978357,1216
3145.1959598717494,1284
3146.8934575114636,1274
3148.5906702158954,1307
3150.2875983035183,1279
3151.9842420928853,1266
3153.680601902627,1273
3155.376678051456,1254
3157.07247085816,1266
3158.767980641609,1301
3160.463207720748,1271
3162.158152414606,1200
3163.8528150422862,1259
3165.5471959229726,1197
3167.2412953759303,1286
3168.9351137204976,1234
3170.628651276098,1312
3172.3219083622307,1233
3174.014885298474,1254
3175.707582404485,1300
3177.4000000000005,1336
3179.092138404835,1260
3180.7839979388846,1278
3182.47557892212,1275
3184.166881674594,1267
3185.8579065164386,1234
3187.5486537678626,1250
3189.2391237491547,1257
3190.9293167806827,1316
3192.6192331828934,1281
3194.3088732763117,1238
3195.998237381542,1282
3197.687325819268,1284
3199.376138910251,1242
3201.064676975334,1259
3202.7529403354347,1219
3204.4409293115523,1283
3206.1286442247647,1283
3207.816085396229,1253
3209.5032531471825,1232
3211.190147798936,1211
3212.8767696728846,1212
3214.5631190905015,1221
3216.2491963733373,1214
3217.9350018430214,1241
3219.6205358212637,1255
3221.305798629851,1250
3222.990790590651,1265
3224.6755120256103,1323
3226.359963256751,1268
3228.0441446061795,1220
3229.7280563960758,1213
3231.411698948703,1262
3233.0950725863995,1246
3234.778177631587,1208
3236.461014406761,1243
3238.1435832345005,1212
3239.8258844374595,1322
3241.507918338374,1300
3243.1896852600576,1274
3244.8711855254023,1280
3246.552419457381,1239
3248.233387379042,1231
3249.914089613516,1227
3251.59452648401,1201
3253.274698313813,1195
3254.95460542629,1186
3256.6342481448855,1222
3258.313626793125,1202
3259.9927416946084,1231
3261.6715931730196,1248
3263.3501815521176,1244
3265.0285071557437,1254
3266.706570307815,1225
3268.3843713323286,1275
3270.0619105533615,1248
3271.739188295068,1281
3273.4162048816834,1235
3275.0929606375184,1255
3276.769455886966,1249
3278.445690954498,1222
3280.1216661646613,1286
3281.797381842087,1239
3283.4728383114807,1269
3285.1480358976296,1250
3286.8229749253996,1276
3288.4976557197333,1203
3290.172078605655,1205
3291.846243908266,1175
3293.5201519527463,1228
3295.193803064357,1194
3296.8671975684374,1177
3298.5403357904024,1207
3300.21321805575,1246
3301.8858446900567,1227
3303.558216018975,1205
3305.23033236824,1227
3306.9021940636603,1302
3308.57380143113,1281
3310.2451547966184,1248
3311.916254486174,1299
3313.5871008259246,1209
3315.2576941420766,1275
3316.9280347609147,1212
3318.5981230088046,1272
3320.2679592121895,1190
3321.9375436975924,1254
3323.606876791612,1205
3325.27595882093,1235
3326.944790112305,1197
3328.6133709925753,1230
3330.2817017886573,1204
3331.949782827547,1218
3333.617614436319,1156
3335.2851969421245,1255
3336.952530672199,1249
3338.619615953853,1242
3340.286453114475,1240
3341.9530424815357,1238
3343.619384382583,1273
3345.2854791452437,1357
3346.951327097224,1255
3348.6169285663073,1233
3350.2822838803577,1240
3351.947393367319,1176
3353.61225735521,1252
3355.2768761721345,1247
3356.9412501462693,1220
3358.605379605873,1287
3360.2692648792827,1224
3361.9329062949146,1323
3363.596304181263,1236
