CollectionTime,7/10/2024 3:56:48 PM
ExposureUsed,3
CalibratedSpectrum
-962.7078968117929,528
-959.9714848408522,575
-957.2358232597828,599
-954.5009119013725,593
-951.7667505983302,565
-949.0333391832855,602
-946.3006774887896,618
-943.5687653473143,603
-940.837602591253,593
-938.1071890529199,580
-935.3775245645503,588
-932.6486089583007,588
-929.9204420662485,623
-927.1930237203925,623
-924.4663537526524,580
-921.7404319948689,591
-919.0152582788041,592
-916.2908324361409,627
-913.5671542984834,610
-910.8442236973568,595
-908.1220404642074,598
-905.4006044304027,629
-902.679915427231,627
-899.959973285902,597
-897.2407778375464,605
-894.5223289132158,584
-891.8046263438832,582
-889.0876699604426,588
-886.3714595937089,600
-883.6559950744183,595
-880.9412762332282,556
-878.2273029007168,568
-875.5140749073835,567
-872.8015920836489,555
-870.0898542598545,547
-867.3788612662631,581
-864.6686129330585,582
-861.9591090903457,615
-859.2503495681506,593
-856.5423341964203,567
-853.8350628050229,567
-851.1285352237478,598
-848.4227512823054,586
-845.7177108103272,593
-843.0134136373656,596
-840.3098595928943,586
-837.6070485063082,604
-834.9049802069229,616
-832.2036545239757,582
-829.5030712866244,576
-826.8032303239481,610
-824.1041314649472,665
-821.4057745385428,618
-818.7081593735775,584
-816.0112857988148,601
-813.3151536429393,581
-810.6197627345566,606
-807.9251129021936,600
-805.2312039742981,594
-802.5380357792392,604
-799.8456081453069,574
-797.1539209007124,612
-794.462973873588,607
-791.772766891987,613
-789.083299783884,600
-786.3945723771743,599
-783.7065844996748,621
-781.0193359791231,590
-778.3328266431781,602
-775.6470563194197,584
-772.9620248353489,584
-770.2777320183878,601
-767.5941776958798,600
-764.9113616950891,614
-762.2292838432011,625
-759.5479439673222,606
-756.8673418944801,592
-754.1874774516235,608
-751.5083504656222,596
-748.8299607632671,615
-746.15230817127,633
-743.475392516264,639
-740.7992136248035,639
-738.1237713233636,639
-735.4490654383407,579
-732.7750957960521,578
-730.1018622227365,623
-727.4293645445534,621
-724.7576025875837,632
-722.0865761778291,600
-719.4162851412126,613
-716.7467293035781,648
-714.0779084906909,689
-711.409822528237,632
-708.7424712418238,634
-706.0758544569796,650
-703.4099719991541,696
-700.7448236937178,657
-698.0804093659622,666
-695.4167288411002,639
-692.7537819442656,654
-690.0915685005134,680
-687.4300883348199,650
-684.7693412720819,629
-682.1093271371178,657
-679.4500457546669,703
-676.7914969493897,676
-674.1336805458676,660
-671.4765963686034,650
-668.8202442420206,695
-666.1646239904642,629
-663.5097354382001,680
-660.8555784094151,660
-658.2021527282176,676
-655.5494582186366,665
-652.8974947046223,678
-650.2462620100463,663
-647.5957599587009,659
-644.9459883742998,691
-642.2969470804776,677
-639.6486359007902,688
-637.0010546587141,680
-634.3542031776476,712
-631.7080812809096,720
-629.0626887917401,693
-626.4180255333008,682
-623.7740913286734,711
-621.1308860008619,715
-618.4884093727904,697
-615.8466612673046,703
-613.2056415071715,707
-610.5653499150785,659
-607.9257863136347,668
-605.28695052537,728
-602.6488423727357,715
-600.0114616781036,716
-597.3748082637674,667
-594.7388819519412,701
-592.1036825647604,738
-589.4692099242818,768
-586.8354638524829,792
-584.2024441712624,749
-581.5701507024403,741
-578.9385832677575,754
-576.3077416888759,733
-573.6776257873787,764
-571.0482353847704,769
-568.4195703024757,721
-565.7916303618415,699
-563.164415384135,716
-560.5379251905453,727
-557.9121596021815,711
-555.2871184400748,720
-552.6628015251767,727
-550.0392086783606,771
-547.4163397204204,741
-544.794194472071,730
-542.1727727539491,749
-539.5520743866118,818
-536.9320991905377,814
-534.3128469861261,788
-531.6943175936979,818
-529.0765108334947,868
-526.4594265256793,880
-523.8430644903358,1000
-521.2274245474689,1079
-518.612506517005,1143
-515.9983102187913,1133
-513.3848354725959,1116
-510.77208209810846,1194
-508.16004991493924,1226
-505.5487387426199,1388
-502.9381484006032,1518
-500.3282787082628,1601
-497.71912948489364,1575
-495.1107005497117,1475
-492.5029917218539,1427
-489.8960028203786,1248
-487.28973366426493,1143
-484.68418407241325,1044
-482.07935386364494,1017
-479.47524285670266,966
-476.87185087025,973
-474.2691777228715,971
-471.66722323307334,961
-469.0659872192821,940
-466.4654694998459,885
-463.86566989303384,924
-461.26658821703614,963
-458.66822428996414,976
-456.07057792985,964
-453.4736489546475,945
-450.877437182231,945
-448.28194243039627,849
-445.68716451686,881
-443.09310325926003,926
-440.49975847515555,915
-437.9071299820263,906
-435.31521759727354,928
-432.72402113821954,913
-430.13354042210767,968
-427.5437752661022,956
-424.95472548728867,947
-422.36639090267386,929
-419.7787713291855,997
-417.1918665836721,1013
-414.60567648290385,1001
-412.0202008435715,1021
-409.4354394822874,954
-406.8513922155845,1003
-404.26805885991723,1018
-401.685439231661,1025
-399.103533147112,974
-396.522340422488,991
-393.9418608739278,991
-391.3620943174908,1017
-388.7830405691583,1040
-386.2046994448317,905
-383.6270707603344,904
-381.05015433141045,894
-378.473949973725,832
-375.8984575028645,755
-373.32367673433623,736
-370.74960748356875,702
-368.1762495659117,661
-365.60360279663576,653
-363.03166699093265,583
-360.4604419639154,550
-357.8899275306178,544
-355.32012350599507,530
-352.7510297049233,504
-350.1826459421999,475
-347.61497203254316,505
-345.04800779059235,534
-342.4817530309082,481
-339.91620756797226,510
-337.35137121618743,503
-334.7872437898774,519
-332.22382510328725,485
-329.66111497058273,516
-327.09911320585127,513
-324.53781962310075,526
-321.9772340362607,535
-319.4173562591816,508
-316.8581861056348,468
-314.2997233893127,484
-311.7419679238294,459
-309.1849195227194,475
-306.62857799943856,510
-304.0729431673641,532
-301.51801483979375,596
-298.963792829947,569
-296.41027695096386,576
-293.85746701590574,612
-291.3053628377552,626
-288.7539642294155,598
-286.2032710037115,580
-283.65328297338897,563
-281.1039999511146,584
-278.5554217494762,717
-276.007548180983,722
-273.4603790580651,664
-270.9139141930734,624
-268.3681533982807,616
-265.8230964858798,630
-263.27874326798565,597
-260.7350935566336,619
-258.1921471637804,650
-255.6499039013039,604
-253.10836358100266,619
-250.56752601459698,593
-248.02739101372765,612
-245.48795838995704,613
-242.94922795476816,669
-240.41119951956557,654
-237.8738728956746,699
-235.33724789434166,773
-232.80132432673452,711
-230.2661020039418,621
-227.73158073697357,651
-225.19776033676033,696
-222.66464061415422,775
-220.1322213799284,796
-217.60050244477725,754
-215.06948361931552,697
-212.53916471408013,697
-210.00954553952818,774
-207.48062590603843,757
-204.9524056239104,708
-202.4248845033651,734
-199.8980623545441,702
-197.37193898751036,723
-194.84651421224817,758
-192.32178783866232,782
-189.79775967657952,764
-187.27442953574644,850
-184.7517972258321,938
-182.2298625564256,893
-179.7086253370378,851
-177.18808537710026,851
-174.66824248596583,828
-172.14909647290835,816
-169.6306471471229,784
-167.11289431772548,837
-164.59583779375328,991
-162.07947738416453,974
-159.5638128978386,862
-157.04884414357605,909
-154.53457093009854,982
-152.02099306604828,990
-149.50811035998936,936
-146.99592262040665,907
-144.48442965570587,867
-141.97363127421409,964
-139.46352728417958,1058
-136.95411749377126,995
-134.44540171107985,971
-131.93737974411636,959
-129.43005140081357,863
-126.92341648902493,1188
-124.41747481652521,1623
-121.91222619101006,1846
-119.40767042009657,2001
-116.90380731132257,2048
-114.40063667214702,2076
-111.8981583099503,2375
-109.3963720320337,2191
-106.89527764561933,1817
-104.39487495785067,1815
-101.89516377579241,2175
-99.39614390642998,2860
-96.89781515667039,2984
-94.40017733334128,2858
-91.90323024319173,2527
-89.40697369289148,2564
-86.91140748903172,3962
-84.41653143812482,5180
-81.92234534660395,5819
-79.42884902082358,6283
-76.93604226705907,7245
-74.4439248915071,11568
-71.95249670028534,19043
-69.46175749943245,26258
-66.97170709490854,29592
-64.48234529259423,27626
-61.99367189829195,21629
-59.50568671772464,16275
-57.01838955653636,10691
-54.53178022029283,8555
-52.045858514480074,9979
-49.560624244506016,11664
-47.07607721569923,12259
-44.59221723330904,15350
-42.10904410250669,17446
-39.62655762838392,18680
-37.14475761595372,18905
-34.66364387015028,18881
-32.18321619582866,16974
-29.70347439776515,13968
-27.224418280657005,12383
-24.74604764912317,11098
-22.26836230770266,14248
-19.7913620608565,23923
-17.315046712966478,39957
-14.83941606833514,53936
-12.36446993118659,65039
-9.89020810566592,65039
-7.416630395839093,65039
-4.94373660569363,65039
-2.471526539137585,65039
-6.821210263296962E-13,65039
2.47084320796705,65039
4.941003281093458,65039
7.410480415786196,65039
9.879274808531363,65039
12.347386655893956,65039
14.814816154518212,65039
17.28156350112681,65039
19.74762889252179,65039
22.21301252558385,65039
24.67771459727237,21075
27.141735304626195,4653
29.605074844762612,3226
32.06773341487792,2707
34.52971121224755,2159
36.99100843422559,2578
39.45162527824516,2957
41.91156194181792,2632
44.370818622535126,2101
46.82939551806646,1837
49.287292826160524,2018
51.74451074464503,2556
54.201049471426245,3070
56.65690920448981,2642
59.112090141899785,1778
61.56659248179983,1319
64.02041642241159,1275
66.4735621620365,1313
68.92602989905402,1079
71.37781983192338,1123
73.82893215918205,1228
76.27936707944684,1298
78.72912479141326,1319
81.17820549385567,1391
83.62660938562783,1659
86.07433666566146,1747
88.5213875329681,1520
90.96776218663751,1252
93.41346082583925,1042
95.85848364982041,1022
98.30283085790859,1401
100.7465026495089,1552
103.18949922410604,1476
105.63182078126385,1318
108.07346752062438,1190
110.51443964190923,1151
112.95473734491827,1025
115.39436082953114,1064
117.83331029570547,1155
120.27158594347827,1418
122.7091879729652,1580
125.1461165843615,1493
127.58237197794062,1112
130.01795435405518,874
132.4528639131364,872
134.88710085569494,954
137.32066538231982,1038
139.75355769367923,1049
142.1857779905207,945
144.61732647366978,900
147.04820334403132,869
149.47840880258934,955
151.90794305040674,1058
154.33680628862487,1232
156.76499871846443,1357
159.19252054122433,1511
161.61937195828352,1626
164.04555317109896,1678
166.47106438120693,1831
168.89590579022217,2155
171.320077599839,2221
173.7435800118302,2281
176.16641322804742,2335
178.58857745042144,2470
181.01007288096173,2540
183.43089972175687,2598
185.85105817497413,2541
188.27054844285988,2522
190.6893707277394,2653
193.10752523201643,2567
195.5250121581745,2672
197.9418317087751,2634
200.3579840864594,2666
202.7734694939469,2647
205.18828813403627,2738
207.6024402096051,2937
210.01592592360964,2969
212.42874547908548,2716
214.84089907914665,2828
217.2523869269868,2858
219.66320922587727,2819
222.0733661791695,2762
224.48285799029293,2764
226.8916848627572,2675
229.29984700014882,2789
231.7073446061355,2778
234.11417788446204,2815
236.520347038953,2736
238.92585227351185,2899
241.33069379212054,2980
243.73487179884035,2972
246.1383864978112,3022
248.541238093252,2973
250.9434267894609,2966
253.34495279081432,2981
255.74581630176783,3096
258.1460175268563,3028
260.54555667069314,2930
262.9444339379703,3014
265.3426495334594,2886
267.7402036620107,2850
270.1370965285529,2968
272.53332833809407,2914
274.9288992957214,2683
277.32380960660055,2662
279.718059475976,2644
282.1116491091717,2603
284.5045787115897,2603
286.89684848871195,2541
289.2884586460981,2574
291.67940938938807,2682
294.0697009242996,2615
296.4593334566299,2641
298.84830719225477,2564
301.23662233712923,2526
303.6242790972866,2574
306.01127767884,2526
308.39761828798066,2514
310.78330113097934,2483
313.16832641418534,2367
315.5526943440269,2402
317.9364051270112,2394
320.3194589697242,2404
322.70185607883093,2397
325.0835966610754,2407
327.4646809232805,2374
329.8451090723478,2343
332.2248813152577,2322
334.6039978590701,2311
336.9824589109231,2293
339.36026467803447,2267
341.7374153677,2281
344.113911187295,2200
346.48975234427337,2198
348.8649390461686,2233
351.2394715005918,2198
353.61334991523415,2224
355.9865744978655,2276
358.35914545633375,2150
360.73106299856715,2226
363.10232733257146,2144
365.47293866643247,2156
367.84289720831396,2164
370.2122031664593,2199
372.5808567491905,2105
374.9488581649083,2079
377.31620762209275,2101
379.6829053293021,2102
382.0489514951745,2056
384.4143463284262,2114
386.7790900378528,2013
389.14318283232853,2038
391.50662492080653,2068
393.86941651231916,2127
396.23155781597745,2172
398.5930490409713,2145
400.9538903965696,2052
403.3140820921202,2109
405.6736243370498,2119
408.03251734086336,2027
410.3907613131465,2052
412.74835646356166,2031
415.10530300185144,1908
417.4616011378372,2061
419.81725108141893,2082
422.1722530425758,2064
424.5266072313656,1990
426.880313857925,1988
429.2333731324701,2028
431.58578526529516,2085
433.9375504667738,2057
436.2886689473588,1988
438.63914091758113,1974
440.9889665880513,2011
443.33814616945835,1963
445.68667987257015,1975
448.03456790823395,1983
450.3818104873759,1988
452.72840782100013,1965
455.07436012019105,1990
457.41966759611057,1991
459.7643304600007,1965
462.10834892318155,1925
464.4517231970525,1946
466.79445349309174,1986
469.1365400228566,1962
471.4779829979826,1942
473.81878263018564,1996
476.15893913125876,2007
478.4984527130747,2007
480.8373235875855,2017
483.17555196682144,2047
485.5131380628919,2140
487.8500820879857,2165
490.1863842543697,2339
492.52204477439034,2416
494.8570638604725,2601
497.1914417251204,2968
499.52517858091653,3205
501.85827464052306,3406
504.19073011668036,3525
506.5225452222086,3567
508.85372017000566,3393
511.18425517304956,3352
513.514150444396,3398
515.8434061971808,3866
518.1720226446176,4675
520.4999999999999,4790
522.8273384766991,4537
525.1540382881666,4333
527.480099647932,3877
529.8055227696037,3298
532.1303078668694,2753
534.454455153496,2374
536.777964843328,2225
539.1008371502907,2196
541.4230722883866,2215
543.744670471698,2143
546.0656319143858,2134
548.3859568306899,2151
550.7056454349294,2146
553.0246979415016,2135
555.3431145648834,2047
557.6608955196306,2149
559.978041020377,2054
562.2945512818363,2121
564.6104265188006,2114
566.9256669461412,2040
569.2402727788082,2007
571.5542442318302,2069
573.8675815203156,2102
576.1802848594508,2154
578.4923544645015,2081
580.8037905508126,2158
583.114593333807,2157
585.4247630289875,2147
587.7342998519354,2132
590.0432040183106,2131
592.3514757438526,2109
594.6591152443794,2133
596.9661227357875,2126
599.2724984340531,2062
601.578242555231,2138
603.8833553154542,2122
606.1878369309362,2133
608.4916876179676,2164
610.7949075929192,2082
613.0974970722403,2045
615.3994562724587,2066
617.7007854101818,2105
620.0014847020951,2129
622.3015543649641,2033
624.6009946156324,2069
626.8998056710224,2140
629.1979877481361,2159
631.4955410640538,2018
633.7924658359349,2060
636.0887622810175,2047
638.3844306166192,2129
640.6794710601358,2071
642.9738838290426,2123
645.2676691408932,2134
647.5608272133207,2037
649.853358264037,2152
652.1452625108324,2088
654.4365401715764,2035
656.7271914642178,2089
659.0172166067838,2088
661.3066158173809,2133
663.5953893141935,2134
665.8835373154867,2074
668.1710600396028,2079
670.4579577049639,2047
672.7442305300709,2136
675.0298787335033,2091
677.3149025339197,2098
679.599302150058,2121
681.8830778007342,2099
684.1662297048437,2132
686.4487580813608,2119
688.7306631493387,2115
691.0119451279091,2092
693.2926042362834,2094
695.5726406937516,2160
697.8520547196814,2120
700.1308465335215,2090
702.4090163547982,2074
704.6865644031171,2049
706.9634908981619,2022
709.2397960596965,2078
711.5154801075631,2103
713.7905432616823,2017
716.0649857420548,2094
718.3388077687592,2080
720.612009561953,2093
722.8845913418733,2150
725.1565533288352,2029
727.427895743234,2119
729.6986188055427,2143
731.9687227363137,2134
734.238207756178,2179
736.5070740858458,2051
738.7753219461066,2015
741.0429515578281,2091
743.3099631419569,2087
745.5763569195191,2080
747.8421331116193,2107
750.1072919394409,2103
752.3718336242467,2124
754.6357583873777,2115
756.8990664502545,2022
759.1617580343765,2100
761.423833361321,2113
763.6852926527457,2046
765.9461361303862,2103
768.206364016058,2057
770.4659765316536,2151
772.7249738991469,2083
774.9833563405886,2062
777.2411240781092,2154
779.4982773339183,2208
781.7548163303044,2132
784.010741289634,2202
786.2660524343538,2156
788.5207499869881,2058
790.7748341701416,2110
793.0283052064964,2111
795.2811633188143,2148
797.5334087299362,2085
799.7850416627813,2144
802.0360623403484,2079
804.2864709857143,2096
806.5362678220353,2183
808.7854530725468,2134
811.0340269605625,2133
813.2819897094754,2180
815.5293415427581,2096
817.77608268396,2112
820.0222133567116,2182
822.2677337847211,2166
824.5126441917765,2131
826.7569448017433,2140
829.0006358385675,2129
831.2437175262731,2146
833.4861900889629,2037
835.7280537508192,2086
837.9693087361026,2106
840.2099552691533,2099
842.4499935743896,2098
844.689423876309,2043
846.9282463994886,2203
849.1664613685833,2097
851.4040690083276,2183
853.6410695435349,2147
855.877463199097,2164
858.1132501999847,2164
860.3484307712487,2108
862.5830051380175,2115
864.8169735254988,2153
867.0503361589791,2175
869.2830932638243,2218
871.5152450654786,2179
873.7467917894654,2153
875.9777336613873,2190
878.2080709069252,2156
880.4378037518389,2179
882.666932421968,2276
884.8954571432301,2179
887.1233781416219,2296
889.3506956432192,2189
891.5774098741766,2238
893.803521060728,2175
896.0290294291852,2244
898.2539352059397,2217
900.4782386174619,2219
902.7019398903011,2159
904.925039251085,2262
907.147536926521,2123
909.3694331433943,2204
911.59072812857,2211
913.8114221089921,2124
916.0315153116827,2174
918.2510079637437,2171
920.4699002923547,2156
922.6881925247761,2167
924.905884888345,2157
927.1229776104793,2158
929.3394709186747,2096
931.555365040506,2217
933.7706602036275,2178
935.9853566357709,2195
938.1994545647489,2115
940.4129542184515,2191
942.6258558248488,2162
944.8381596119883,2135
947.0498658079974,2116
949.2609746410825,2091
951.4714863395287,2141
953.6814011316998,2138
955.8907192460387,2155
958.0994409110671,2078
960.3075663553858,2118
962.5150958076741,2115
964.7220294966913,2047
966.928367651274,2036
969.1341105003388,2008
971.3392582728806,2068
973.5438111979742,2122
975.747769504772,2026
977.9511334225061,1986
980.153903180487,1979
982.3560790081052,1980
984.5576611348289,2032
986.7586497902058,1923
988.9590452038618,2008
991.158847605503,2021
993.3580572249133,1961
995.5566742919558,2103
997.7546990365728,1955
999.952131688785,1962
1002.1489724786926,1903
1004.3452216364743,1901
1006.5408793923874,1851
1008.7359459767691,1723
1010.9304216200343,1824
1013.1243065526781,1769
1015.3176010052733,1838
1017.510305208472,1718
1019.7024193930064,1760
1021.8939437896848,1757
1024.0848786293977,1882
1026.2752241431122,1808
1028.4649805618747,1749
1030.6541481168115,1751
1032.842727039127,1738
1035.0307175601051,1759
1037.2181199111074,1703
1039.4049343235752,1697
1041.591161029029,1741
1043.7768002590683,1736
1045.9618522453698,1696
1048.1463172196918,1697
1050.3301954138697,1779
1052.513487059818,1776
1054.69619238953,1741
1056.8783116350783,1760
1059.0598450286152,1757
1061.2407928023704,1673
1063.4211551886528,1726
1065.6009324198508,1805
1067.780124728432,1755
1069.9587323469414,1742
1072.1367555080046,1788
1074.314194444325,1753
1076.4910493886855,1697
1078.667320573947,1717
1080.843008233051,1709
1083.0181125990161,1716
1085.1926339049414,1739
1087.3665723840027,1685
1089.5399282694575,1722
1091.7127017946405,1675
1093.8848931929647,1649
1096.0565026979243,1611
1098.2275305430899,1709
1100.3979769621128,1630
1102.567842188722,1645
1104.737126456726,1670
1106.9058300000124,1673
1109.0739530525475,1565
1111.2414958483764,1668
1113.4084586216231,1643
1115.5748416064907,1643
1117.7406450372605,1695
1119.9058691482942,1643
1122.0705141740304,1667
1124.2345803489884,1594
1126.3980679077658,1600
1128.5609770850388,1604
1130.7233081155623,1618
1132.8850612341707,1638
1135.0462366757774,1539
1137.2068346753745,1630
1139.3668554680326,1636
1141.526299288901,1611
1143.68516637321,1546
1145.8434569562655,1591
1148.001171273455,1627
1150.158309560244,1625
1152.3148720521767,1598
1154.470858984876,1574
1156.626270594044,1624
1158.7811071154629,1571
1160.9353687849912,1606
1163.089055838569,1670
1165.242168512213,1618
1167.3947070420209,1589
1169.5466716641677,1640
1171.6980626149075,1540
1173.8488801305748,1550
1175.9991244475814,1599
1178.1487958024186,1627
1180.2978944316555,1606
1182.4464205719428,1657
1184.5943744600072,1564
1186.7417563326567,1518
1188.8885664267755,1600
1191.0348049793297,1580
1193.1804722273619,1545
1195.325568407995,1591
1197.4700937584303,1614
1199.614048515948,1592
1201.7574329179074,1518
1203.900247201746,1545
1206.042491604982,1647
1208.1841663652099,1560
1210.3252717201053,1592
1212.465807907422,1547
1214.6057751649923,1571
1216.7451737307279,1623
1218.8840038426192,1615
1221.0222657387353,1619
1223.1599596572241,1638
1225.2970858363137,1644
1227.4336445143094,1545
1229.5696359295966,1563
1231.705060320639,1630
1233.8399179259786,1586
1235.9742089842384,1714
1238.107933734118,1600
1240.2410924143974,1638
1242.373685263935,1672
1244.5057125216676,1636
1246.6371744266116,1631
1248.7680712178621,1684
1250.898403134593,1659
1253.028170416058,1646
1255.1573733015875,1666
1257.2860120305932,1562
1259.4140868425648,1581
1261.54159797707,1690
1263.6685456737569,1631
1265.7949301723515,1686
1267.9207517126597,1724
1270.046010534565,1660
1272.1707068780306,1638
1274.2948409830983,1623
1276.4184130898889,1670
1278.541423438603,1701
1280.6638722695184,1683
1282.785759822993,1749
1284.9070863394636,1664
1287.0278520594447,1721
1289.1480572235314,1658
1291.2677020723963,1696
1293.3867868467923,1726
1295.5053117875495,1715
1297.623277135579,1751
1299.740683131868,1744
1301.8575300174857,1676
1303.973818033578,1742
1306.0895474213703,1769
1308.2047184221678,1745
1310.3193312773528,1834
1312.4333862283888,1720
1314.5468835168163,1741
1316.659823384255,1707
1318.7722060724045,1757
1320.8840318230418,1812
1322.9953008780249,1733
1325.1060134792888,1784
1327.2161698688478,1668
1329.3257702887959,1714
1331.4348149813054,1765
1333.5433041886276,1744
1335.6512381530933,1711
1337.7586171171101,1765
1339.8654413231675,1732
1341.9717110138317,1705
1344.0774264317488,1719
1346.1825878196432,1768
1348.2871954203192,1777
1350.3912494766587,1789
1352.4947502316231,1715
1354.5976979282532,1724
1356.7000928096686,1664
1358.8019351190665,1692
1360.9032250997243,1750
1363.0039629949988,1681
1365.1041490483235,1683
1367.2037835032133,1778
1369.3028666032606,1760
1371.401398592137,1722
1373.4993797135926,1692
1375.5968102114575,1765
1377.6936903296396,1782
1379.7900203121262,1719
1381.8858004029835,1744
1383.9810308463561,1812
1386.075711886469,1729
1388.1698437676241,1798
1390.2634267342032,1707
1392.356461030667,1685
1394.4489469015557,1798
1396.5408845914872,1752
1398.6322743451592,1828
1400.7231164073469,1826
1402.813411022907,1890
1404.903158436773,1832
1406.9923588939578,1793
1409.0810126395531,1791
1411.1691199187303,1767
1413.2566809767386,1833
1415.343696058907,1822
1417.4301654106425,1897
1419.5160892774315,1844
1421.6014679048399,1857
1423.6863015385125,1813
1425.7705904241707,1912
1427.8543348076178,1898
1429.9375349347342,1908
1432.0201910514802,1938
1434.102303403894,1900
1436.1838722380944,1897
1438.2648978002767,1996
1440.3453803367174,1966
1442.4253200937692,1927
1444.5047173178677,1917
1446.5835722555234,2020
1448.6618851533285,1962
1450.739656257952,2065
1452.8168858161434,2002
1454.8935740747306,2123
1456.96972128062,2116
1459.045327680797,2086
1461.120393522327,2111
1463.1949190523528,2164
1465.2689045180973,2155
1467.3423501668608,2232
1469.415256246024,2266
1471.4876230030463,2260
1473.559450685465,2221
1475.6307395408976,2318
1477.7014898170391,2314
1479.771701761665,2353
1481.8413756226287,2389
1483.9105116478618,2430
1485.9791100853772,2491
1488.0471711832643,2515
1490.1146951896926,2431
1492.1816823529098,2491
1494.2481329212433,2557
1496.3140471430984,2486
1498.3794252669609,2560
1500.4442675413939,2621
1502.5085742150404,2719
1504.572345536622,2612
1506.6355817549388,2645
1508.6982831188702,2744
1510.7604498773744,2693
1512.8220822794883,2721
1514.8831805743293,2668
1516.9437450110909,2751
1519.003775839048,2730
1521.0632733075522,2733
1523.1222376660367,2797
1525.1806691640113,2857
1527.2385680510652,2869
1529.2959345768668,2854
1531.3527689911643,2864
1533.4090715437833,2926
1535.4648424846291,2940
1537.5200820636855,2943
1539.5747905310159,3074
1541.6289681367616,3133
1543.6826151311434,3182
1545.7357317644614,3106
1547.7883182870937,3083
1549.8403749494987,3230
1551.8919020022113,3271
1553.9428996958477,3387
1555.9933682811015,3396
1558.0433080087469,3470
1560.0927191296346,3504
1562.1416018946961,3424
1564.1899565549415,3514
1566.2377833614592,3473
1568.2850825654164,3377
1570.3318544180606,3483
1572.3780991707158,3351
1574.423817074788,3174
1576.4690083817595,3077
1578.5136733431923,3018
1580.5578122107272,2961
1582.601425236085,2830
1584.6445126710646,2644
1586.6870747675434,2527
1588.7291117774776,2472
1590.7706239529034,2459
1592.8116115459347,2412
1594.8520748087658,2369
1596.8920139936686,2251
1598.9314293529933,2251
1600.9703211391711,2117
1603.008689604711,2065
1605.0465350022005,1988
1607.0838575843068,2054
1609.1206576037753,2004
1611.1569353134305,1971
1613.1926909661765,1897
1615.2279248149953,1923
1617.2626371129481,1855
1619.2968281131757,1795
1621.3304980688963,1848
1623.3636472334088,1881
1625.39627586009,1940
1627.428384202396,1889
1629.459972513861,1820
1631.4910410480993,1792
1633.5215900588028,1826
1635.551619799744,1765
1637.5811305247717,1866
1639.6101224878166,1760
1641.6385959428862,1754
1643.6665511440683,1759
1645.693988345528,1726
1647.7209078015112,1759
1649.7473097663405,1766
1651.7731944944203,1757
1653.7985622402307,1765
1655.823413258333,1787
1657.847747803366,1680
1659.8715661300494,1720
1661.8948684931793,1743
1663.9176551476316,1746
1665.9399263483624,1731
1667.9616823504057,1752
1669.982923408873,1692
1672.0036497789574,1678
1674.0238617159293,1696
1676.043559475138,1724
1678.0627433120121,1769
1680.081413482059,1713
1682.0995702408654,1757
1684.117213844096,1730
1686.134344547495,1644
1688.1509626068864,1752
1690.1670682781705,1691
1692.182661817329,1737
1694.1977434804217,1689
1696.2123135235875,1714
1698.226372203043,1675
1700.2399197750851,1680
1702.2529564960905,1746
1704.2654826225112,1783
1706.277498410882,1731
1708.2890041178139,1715
1710.2999999999988,1769
1712.3104863142066,1740
1714.3204633172854,1672
1716.329931266163,1668
1718.3388904178469,1696
1720.3473410294214,1688
1722.3552833580516,1704
1724.3627176609807,1655
1726.3696441955308,1723
1728.3760632191033,1738
1730.3819749891782,1598
1732.3873797633146,1616
1734.3922777991502,1607
1736.3966693544012,1667
1738.4005546868639,1664
1740.4039340544127,1652
1742.406807715001,1613
1744.4091759266616,1660
1746.4110389475054,1687
1748.4123970357223,1677
1750.413250449582,1657
1752.4135994474318,1597
1754.4134442876993,1584
1756.4127852288902,1626
1758.4116225295893,1657
1760.4099564484595,1572
1762.407787244244,1653
1764.405115175764,1667
1766.4019405019203,1584
1768.3982634816916,1616
1770.3940843741357,1634
1772.3894034383907,1628
1774.3842209336717,1670
1776.378537119274,1632
1778.372352254571,1628
1780.3656665990156,1537
1782.3584804121397,1596
1784.3507939535534,1630
1786.3426074829463,1633
1788.3339212600863,1645
1790.3247355448211,1667
1792.3150505970766,1549
1794.3048666768573,1601
1796.2941840442477,1632
1798.2830029594106,1592
1800.2713236825884,1588
1802.2591464741004,1610
1804.2464715943465,1613
1806.2332993038058,1611
1808.2196298630352,1597
1810.2054635326708,1623
1812.190800573428,1616
1814.175641246101,1611
1816.1599858115628,1577
1818.1438345307652,1596
1820.127187664738,1604
1822.1100454745924,1581
1824.092408221516,1667
1826.0742761667766,1538
1828.055649571721,1573
1830.0365286977735,1566
1832.0169138064398,1655
1833.9968051593014,1639
1835.9762030180214,1655
1837.9551076443408,1625
1839.9335193000788,1611
1841.9114382471344,1663
1843.888864747485,1700
1845.8657990631878,1631
1847.842241456378,1672
1849.8181921892697,1609
1851.7936515241558,1664
1853.7686197234098,1609
1855.7430970494815,1599
1857.7170837649014,1547
1859.6905801322787,1585
1861.6635864143004,1631
1863.6361028737338,1579
1865.608129773424,1659
1867.5796673762961,1652
1869.5507159453537,1629
1871.521275743678,1669
1873.4913470344313,1583
1875.4609300808534,1627
1877.4300251462632,1659
1879.3986324940588,1606
1881.366752387717,1600
1883.3343850907936,1610
1885.3015308669228,1607
1887.268189979819,1612
1889.2343626932739,1600
1891.2000492711595,1674
1893.1652499774254,1628
1895.1299650761011,1631
1897.0941948312952,1615
1899.0579395071945,1690
1901.0211993680641,1591
1902.98397467825,1603
1904.9462657021745,1627
1906.9080727043415,1641
1908.869395949332,1720
1910.8302357018065,1596
1912.790592226504,1694
1914.7504657882428,1612
1916.7098566519212,1581
1918.6687650825133,1606
1920.6271913450764,1612
1922.5851357047422,1618
1924.5425984267245,1642
1926.499579776314,1615
1928.4560800188833,1669
1930.4120994198802,1610
1932.367638244833,1646
1934.32269675935,1650
1936.2772752291175,1636
1938.231373919899,1605
1940.1849930975404,1587
1942.1381330279637,1613
1944.0907939771696,1563
1946.0429762112412,1574
1947.9946799963363,1625
1949.9459055986945,1624
1951.896653284633,1575
1953.8469233205478,1607
1955.7967159729142,1608
1957.7460315082863,1637
1959.6948701932974,1598
1961.6432322946594,1541
1963.5911180791632,1582
1965.5385278136787,1570
1967.4854617651545,1607
1969.4319202006182,1607
1971.377903387176,1584
1973.3234115920136,1618
1975.268445082395,1605
1977.2130041256642,1620
1979.1570889892423,1574
1981.1006999406304,1623
1983.04383724741,1602
1984.986501177238,1549
1986.928691997853,1561
1988.8704099770712,1554
1990.811655382789,1598
1992.7524284829801,1576
1994.692729545698,1610
1996.6325588390755,1501
1998.5719166313224,1579
2000.5108031907307,1567
2002.4492187856677,1616
2004.387163684583,1602
2006.3246381560011,1540
2008.2616424685298,1548
2010.1981768908527,1576
2012.1342416917332,1563
2014.069837140014,1594
2016.0049635046162,1585
2017.9396210545406,1557
2019.8738100588666,1498
2021.8075307867502,1573
2023.740783507431,1511
2025.6735684902228,1564
2027.6058860045214,1549
2029.5377363198004,1555
2031.4691197056118,1510
2033.4000364315875,1536
2035.3304867674374,1548
2037.260470982952,1496
2039.189989347998,1541
2041.1190421325232,1560
2043.047629606554,1556
2044.9757520401945,1523
2046.9034097036288,1508
2048.8306028671195,1528
2050.7573318010086,1562
2052.683596775716,1475
2054.609398061742,1559
2056.5347359296647,1586
2058.4596106501403,1587
2060.384022493906,1521
2062.3079717317764,1517
2064.231458634646,1470
2066.1544834734873,1542
2068.077046519352,1580
2069.99914804337,1505
2071.9207883167524,1541
2073.8419676107865,1525
2075.7626861968406,1531
2077.6829443463607,1503
2079.6027423308715,1527
2081.522080421977,1558
2083.440958891362,1539
2085.359378010786,1544
2087.2773380520907,1524
2089.194839287196,1597
2091.111881988101,1550
2093.0284664268825,1552
2094.9445928756973,1538
2096.86026160678,1569
2098.775472892446,1471
2100.690227005088,1503
2102.604524217178,1519
2104.5183648012676,1532
2106.431749029985,1512
2108.34467717604,1605
2110.2571495122206,1533
2112.169166311393,1528
2114.080727846503,1510
2115.9918343905747,1498
2117.902486216711,1490
2119.8126835980956,1541
2121.722426807987,1503
2123.6317161197285,1518
2125.5405518067364,1569
2127.448934142509,1464
2129.356863400624,1536
2131.264339854737,1561
2133.1713637785815,1587
2135.077935445972,1579
2136.9840551308002,1587
2138.889723107037,1610
2140.7949396487334,1563
2142.699705030018,1575
2144.6040195250994,1539
2146.507883408264,1558
2148.4112969538774,1571
2150.3142604363848,1601
2152.2167741303097,1531
2154.1188383102535,1575
2156.0204532508997,1609
2157.9216192270064,1564
2159.822336513414,1575
2161.7226053850413,1643
2163.622426116884,1579
2165.5217989840185,1563
2167.4207242616,1588
2169.319202224862,1603
2171.2172331491165,1650
2173.1148173097563,1591
2175.0119549822507,1630
2176.90864644215,1595
2178.8048919650823,1636
2180.7006918267534,1591
2182.596046302952,1611
2184.4909556695407,1654
2186.3854202024645,1601
2188.279440177746,1586
2190.173015871487,1603
2192.066147559868,1620
2193.958835519149,1557
2195.851080025667,1626
2197.7428813558417,1610
2199.6342397861667,1617
2201.5251555932186,1645
2203.415629053651,1604
2205.3056604441986,1638
2207.19525004167,1614
2209.084398122958,1618
2210.9731049650327,1658
2212.861370844941,1673
2214.749196039812,1673
2216.636580826851,1658
2218.523525483344,1700
2220.410030286655,1675
2222.296095514226,1561
2224.1817214435805,1682
2226.066908352319,1672
2227.951656518121,1662
2229.835966218746,1686
2231.71983773203,1653
2233.6032713358913,1618
2235.486267308324,1675
2237.3688259274036,1581
2239.2509474712824,1632
2241.132632218193,1673
2243.013880446447,1704
2244.8946924344323,1661
2246.7750684606203,1714
2248.6550088035574,1640
2250.534513741871,1664
2252.413583554265,1655
2254.292218519526,1703
2256.170418916517,1631
2258.0481850241786,1673
2259.925517121534,1648
2261.8024154876825,1597
2263.678880401803,1707
2265.5549121431536,1642
2267.430510991071,1663
2269.305677224971,1627
2271.180411124348,1646
2273.0547129687766,1642
2274.9285830379076,1591
2276.8020216114737,1559
2278.6750289692845,1601
2280.5476053912294,1598
2282.4197511572766,1644
2284.2914665474727,1610
2286.162751841943,1693
2288.0336073208937,1740
2289.904033264608,1672
2291.774029953448,1663
2293.6435976678554,1706
2295.5127366883517,1652
2297.381447295534,1581
2299.2497297700825,1584
2301.1175843927526,1563
2302.9850114443825,1501
2304.852011205885,1497
2306.7185839582553,1459
2308.5847299825664,1511
2310.4504495599676,1431
2312.3157429716925,1482
2314.1806104990483,1470
2316.0450524234247,1488
2317.9090690262888,1446
2319.772660589186,1387
2321.635827393742,1395
2323.498569721661,1409
2325.3608878547248,1384
2327.2227820747967,1486
2329.0842526638157,1395
2330.945299903803,1411
2332.805924076857,1419
2334.6661254651535,1467
2336.525904350951,1392
2338.3852610165827,1376
2340.244195744464,1485
2342.102708817088,1406
2343.9608005170253,1412
2345.8184711269287,1379
2347.675720929526,1411
2349.532550207628,1409
2351.38895924412,1384
2353.24494832197,1448
2355.100517724223,1431
2356.955667734004,1441
2358.810398634514,1432
2360.664710709037,1371
2362.5186042409337,1395
2364.3720795136437,1367
2366.225136810686,1472
2368.0777764156583,1412
2369.929998612237,1451
2371.7818036841777,1419
2373.633191915315,1420
2375.484163589562,1417
2377.3347189909114,1422
2379.184858403434,1426
2381.03458211128,1495
2382.8838903986775,1496
2384.732783549936,1497
2386.5812618494406,1415
2388.4293255816588,1425
2390.2769750311327,1465
2392.1242104824883,1439
2393.971032220427,1446
2395.8174405297295,1398
2397.6634356952563,1401
2399.509018001947,1414
2401.3541877348193,1375
2403.1989451789705,1426
2405.043290619576,1356
2406.8872243418905,1443
2408.730746631247,1427
2410.5738577730594,1462
2412.4165580528183,1446
2414.258847756095,1388
2416.100727168537,1440
2417.9421965758734,1394
2419.783256263912,1441
2421.623906518538,1414
2423.4641476257157,1451
2425.303979871491,1459
2427.143403541984,1450
2428.9824189233977,1433
2430.821026302012,1467
2432.6592259641866,1476
2434.497018196361,1420
2436.33440328505,1393
2438.171381516851,1437
2440.00795317844,1414
2441.844118556569,1493
2443.6798779380724,1510
2445.5152316098606,1435
2447.3501798589255,1457
2449.1847229723357,1441
2451.0188612372403,1470
2452.8525949408663,1471
2454.6859243705203,1462
2456.518849813587,1471
2458.3513715575314,1447
2460.183489889895,1414
2462.015205098301,1411
2463.8465174704493,1438
2465.67742729412,1475
2467.5079348571717,1465
2469.338040447542,1446
2471.1677443532476,1457
2472.9970468623833,1448
2474.825948263123,1419
2476.6544488437207,1431
2478.482548892508,1407
2480.310248697896,1453
2482.137548548374,1456
2483.9644487325118,1452
2485.790949538956,1430
2487.617051256433,1456
2489.44275417375,1462
2491.26805857979,1441
2493.0929647635157,1469
2494.917473013971,1496
2496.741583620276,1450
2498.5652968716304,1483
2500.3886130573137,1476
2502.2115324666834,1431
2504.0340553891765,1481
2505.856182114308,1473
2507.6779129316733,1470
2509.499248130945,1492
2511.3201880018764,1453
2513.140732834298,1472
2514.9608829181198,1534
2516.780638543331,1484
2518.6,1515
2520.418967578273,1503
2522.237541568376,1507
2524.0557222606144,1511
2525.8735099453706,1493
2527.6909049131086,1494
2529.507907454368,1457
2531.32451785977,1489
2533.140736420014,1527
2534.9565634258774,1544
2536.771999168218,1578
2538.5870439379714,1521
2540.4016980261526,1511
2542.2159617238544,1521
2544.02983532225,1600
2545.8433191125914,1580
2547.656413386209,1572
2549.4691184345115,1549
2551.2814345489874,1631
2553.093362021204,1562
2554.904901142808,1552
2556.716052205523,1620
2558.526815501153,1566
2560.3371913215824,1603
2562.147179958771,1621
2563.956781704761,1646
2565.7659968516705,1626
2567.5748256916986,1626
2569.3832685171224,1641
2571.1913256202984,1601
2572.9989972936614,1673
2574.806283829725,1662
2576.613185521084,1760
2578.4197026604074,1711
2580.2258355404483,1681
2582.031584454035,1660
2583.836949694077,1695
2585.6419315535613,1708
2587.4465303255533,1673
2589.2507463032002,1680
2591.0545797797245,1720
2592.8580310484303,1756
2594.6611004026995,1722
2596.463788135992,1740
2598.266094541849,1714
2600.0680199138874,1711
2601.869564545807,1688
2603.670728731383,1747
2605.4715127644704,1759
2607.2719169390048,1742
2609.071941548998,1762
2610.8715868885433,1705
2612.670853251811,1667
2614.469740933052,1715
2616.268250226594,1704
2618.0663814268455,1734
2619.864134828292,1765
2621.6615107255006,1724
2623.458509413115,1676
2625.2551311858597,1673
2627.0513763385347,1748
2628.8472451660223,1728
2630.6427379632833,1705
2632.4378550253564,1677
2634.232596647359,1657
2636.026963124488,1715
2637.8209547520187,1645
2639.6145718253065,1643
2641.407814639785,1642
2643.200683490966,1645
2644.9931786744414,1663
2646.7853004858807,1637
2648.577049221034,1640
2650.3684251757277,1627
2652.1594286458712,1598
2653.9500599274484,1627
2655.740319316525,1619
2657.5302071092437,1566
2659.3197236018286,1507
2661.10886909058,1527
2662.8976438718782,1515
2664.686048242183,1520
2666.4740824980327,1536
2668.2617469360443,1483
2670.0490418529134,1546
2671.8359675454153,1497
2673.622524310403,1518
2675.408712444811,1467
2677.1945322456495,1539
2678.979984010009,1483
2680.76506803506,1575
2682.5497846180497,1517
2684.334134056306,1427
2686.1181166472343,1497
2687.9017326883213,1565
2689.6849824771293,1494
2691.4678663113013,1463
2693.2503844885596,1500
2695.032537306705,1454
2696.8143250636167,1510
2698.5957480572542,1472
2700.3768065856534,1431
2702.1575009469316,1445
2703.937831439283,1439
2705.717798360982,1416
2707.4974020103837,1416
2709.276642685917,1419
2711.055520686095,1418
2712.834036309506,1468
2714.612189854819,1445
2716.389981620782,1419
2718.1674119062204,1479
2719.944481010041,1350
2721.721189231226,1387
2723.4975368688415,1425
2725.273524222027,1435
2727.0491515900053,1415
2728.824419272075,1387
2730.5993275676146,1387
2732.3738767760838,1391
2734.148067197016,1364
2735.921899130031,1434
2737.6953728748194,1377
2739.468488731156,1388
2741.2412469988926,1353
2743.0136479779617,1383
2744.785691968372,1357
2746.5573792702116,1456
2748.3287101836504,1431
2750.099685008934,1374
2751.870304046388,1379
2753.640567596418,1395
2755.4104759595057,1366
2757.1800294362156,1362
2758.949228327187,1389
2760.7180729331412,1377
2762.486563554877,1397
2764.254700493272,1408
2766.022484049284,1384
2767.789914523947,1395
2769.5569922183786,1418
2771.3237174337705,1412
2773.090090471394,1383
2774.8561116326036,1363
2776.6217812188274,1356
2778.3870995315756,1419
2780.1520668724356,1477
2781.9166835430747,1399
2783.6809498452394,1422
2785.444866080754,1443
2787.2084325515225,1382
2788.971649559527,1422
2790.73451740683,1318
2792.4970363955713,1407
2794.2592068279705,1405
2796.0210290063264,1415
2797.7825032330147,1372
2799.543629810493,1344
2801.304409041296,1370
2803.0648412280366,1375
2804.8249266734088,1361
2806.5846656801846,1409
2808.344058551212,1392
2810.1031055894246,1369
2811.8618070978273,1382
2813.6201633795085,1399
2815.378174737636,1400
2817.1358414754536,1412
2818.893163896285,1304
2820.6501423035334,1344
2822.4067770006814,1334
2824.1630682912883,1434
2825.9190164789957,1426
2827.6746218675207,1398
2829.429884760661,1413
2831.184805462294,1374
2832.9393842763743,1429
2834.693621506936,1435
2836.4475174580916,1408
2838.201072434034,1460
2839.954286739034,1420
2841.707160677441,1445
2843.459694553685,1396
2845.2118886722724,1371
2846.96374333779,1383
2848.7152588549034,1362
2850.4664355283567,1343
2852.217273662973,1452
2853.9677735636546,1400
2855.7179355353833,1401
2857.4677598832186,1389
2859.217246912299,1374
2860.9663969278427,1328
2862.715210235146,1386
2864.4636871395846,1417
2866.211827946614,1419
2867.9596329617652,1322
2869.7071024906536,1330
2871.4542368389684,1342
2873.20103631248,1436
2874.947501217038,1346
2876.6936318585695,1333
2878.4394285430812,1381
2880.1848915766604,1438
2881.9300212654707,1443
2883.6748179157553,1348
2885.4192818338374,1402
2887.1634133261173,1317
2888.907212699077,1389
2890.6506802592744,1396
2892.393816313348,1378
2894.1366211680142,1382
2895.8790951300693,1314
2897.621238506388,1387
2899.363051603925,1420
2901.1045347297118,1324
2902.8456881908596,1354
2904.58651229456,1387
2906.327007348081,1393
2908.067173658772,1398
2909.8070115340597,1393
2911.5465212814497,1370
2913.285703208527,1366
2915.0245576229563,1328
2916.7630848324807,1371
2918.5012851449196,1363
2920.2391588681758,1405
2921.976706310227,1335
2923.7139277791334,1336
2925.4508235830313,1332
2927.187394030137,1330
2928.923639428745,1394
2930.6595600872306,1343
2932.395156314046,1344
2934.1304284177218,1429
2935.8653767068713,1361
2937.6000014901815,1413
2939.3343030764227,1375
2941.068281774442,1430
2942.8019378931644,1394
2944.5352717415976,1373
2946.2682836288236,1353
2948.0009738640065,1414
2949.7333427563885,1362
2951.465390615289,1382
2953.1971177501086,1368
2954.9285244703265,1411
2956.6596110855,1406
2958.3903779052657,1411
2960.1208252393385,1358
2961.8509533975125,1352
2963.5807626896617,1346
2965.3102534257378,1333
2967.0394259157715,1350
2968.768280469873,1328
2970.496817398232,1365
2972.2250370111146,1401
2973.952939618869,1377
2975.6805255319196,1312
2977.4077950607707,1354
2979.134748516006,1393
2980.861386208289,1481
2982.587708448359,1407
2984.313715547037,1382
2986.039407815222,1333
2987.764785563891,1378
2989.489849104102,1414
2991.2145987469908,1354
2992.9390348037705,1393
2994.6631575857346,1353
2996.3869674042576,1340
2998.1104645707887,1367
2999.83364939686,1414
3001.5565221940783,1364
3003.2790832741334,1393
3005.0013329487924,1404
3006.7232715298996,1374
3008.4448993293804,1284
3010.166216659239,1318
3011.887223831558,1326
3013.607921158498,1405
3015.3283089522993,1323
3017.0483875252826,1341
3018.7681571898443,1341
3020.4876182584626,1330
3022.2067710436927,1333
3023.9256158581707,1380
3025.644153014609,1320
3027.362382825801,1347
3029.0803056046193,1330
3030.797921664012,1323
3032.5152313170106,1346
3034.2322348767225,1370
3035.9489326563353,1368
3037.665324969115,1346
3039.3814121284063,1314
3041.097194447633,1395
3042.812672240299,1361
3044.5278458199855,1331
3046.2427155003525,1329
3047.9572815951406,1358
3049.671544418167,1299
3051.38550428333,1322
3053.0991615046073,1350
3054.812516396051,1373
3056.5255692717974,1367
3058.2383204460575,1361
3059.9507702331257,1378
3061.662918947372,1399
3063.3747669032446,1315
3065.0863144152736,1343
3066.7975617980674,1352
3068.508509366309,1343
3070.219157434767,1371
3071.9295063182844,1346
3073.639556331785,1362
3075.3493077902704,1375
3077.058761008821,1281
3078.7679163025964,1307
3080.476773986837,1407
3082.1853343768594,1313
3083.89359778806,1323
3085.6015645359153,1349
3087.3092349359786,1395
3089.016609303884,1332
3090.7236879553434,1354
3092.4304712061476,1299
3094.136959372166,1318
3095.843152769349,1366
3097.5490517137237,1330
3099.2546565213966,1336
3100.959967508554,1387
3102.66498499146,1323
3104.3697092864577,1336
3106.0741407099695,1343
3107.778279578498,1371
3109.482126208622,1355
3111.1856809170004,1409
3112.8889440203716,1360
3114.5919158355528,1404
3116.294596679439,1339
3117.996986869006,1334
3119.6990867213062,1365
3121.4008965534726,1373
3123.102416682717,1381
3124.803647426329,1390
3126.5045891016784,1380
3128.205242026213,1396
3129.90560651746,1305
3131.605682893025,1317
3133.3054714705922,1387
3135.0049725679282,1405
3136.7041865028714,1363
3138.4031135933465,1337
3140.101754157353,1427
3141.800108512971,1334
3143.498176978357,1336
3145.1959598717494,1374
3146.8934575114636,1302
3148.5906702158954,1372
3150.2875983035183,1337
3151.9842420928853,1372
3153.680601902627,1321
3155.376678051456,1320
3157.07247085816,1298
3158.767980641609,1356
3160.463207720748,1326
3162.158152414606,1372
3163.8528150422862,1355
3165.5471959229726,1331
3167.2412953759303,1313
3168.9351137204976,1367
3170.628651276098,1315
3172.3219083622307,1294
3174.014885298474,1400
3175.707582404485,1356
3177.4000000000005,1328
3179.092138404835,1337
3180.7839979388846,1325
3182.47557892212,1329
3184.166881674594,1382
3185.8579065164386,1357
3187.5486537678626,1339
3189.2391237491547,1386
3190.9293167806827,1341
3192.6192331828934,1301
3194.3088732763117,1266
3195.998237381542,1378
3197.687325819268,1335
3199.376138910251,1348
3201.064676975334,1340
3202.7529403354347,1341
3204.4409293115523,1351
3206.1286442247647,1324
3207.816085396229,1315
3209.5032531471825,1309
3211.190147798936,1314
3212.8767696728846,1290
3214.5631190905015,1324
3216.2491963733373,1306
3217.9350018430214,1372
3219.6205358212637,1313
3221.305798629851,1309
3222.990790590651,1296
3224.6755120256103,1320
3226.359963256751,1311
3228.0441446061795,1307
3229.7280563960758,1300
3231.411698948703,1305
3233.0950725863995,1334
3234.778177631587,1300
3236.461014406761,1269
3238.1435832345005,1351
3239.8258844374595,1291
3241.507918338374,1356
3243.1896852600576,1323
3244.8711855254023,1323
3246.552419457381,1352
3248.233387379042,1337
3249.914089613516,1333
3251.59452648401,1348
3253.274698313813,1281
3254.95460542629,1368
3256.6342481448855,1285
3258.313626793125,1315
3259.9927416946084,1306
3261.6715931730196,1304
3263.3501815521176,1255
3265.0285071557437,1297
3266.706570307815,1315
3268.3843713323286,1276
3270.0619105533615,1324
3271.739188295068,1274
3273.4162048816834,1267
3275.0929606375184,1282
3276.769455886966,1324
3278.445690954498,1395
3280.1216661646613,1374
3281.797381842087,1376
3283.4728383114807,1283
3285.1480358976296,1300
3286.8229749253996,1297
3288.4976557197333,1292
3290.172078605655,1348
3291.846243908266,1309
3293.5201519527463,1302
3295.193803064357,1318
3296.8671975684374,1328
3298.5403357904024,1324
3300.21321805575,1350
3301.8858446900567,1313
3303.558216018975,1356
3305.23033236824,1311
3306.9021940636603,1378
3308.57380143113,1335
3310.2451547966184,1308
3311.916254486174,1332
3313.5871008259246,1292
3315.2576941420766,1322
3316.9280347609147,1336
3318.5981230088046,1302
3320.2679592121895,1284
3321.9375436975924,1301
3323.606876791612,1279
3325.27595882093,1284
3326.944790112305,1322
3328.6133709925753,1330
3330.2817017886573,1244
3331.949782827547,1328
3333.617614436319,1308
3335.2851969421245,1343
3336.952530672199,1294
3338.619615953853,1322
3340.286453114475,1328
3341.9530424815357,1278
3343.619384382583,1371
3345.2854791452437,1366
3346.951327097224,1314
3348.6169285663073,1360
3350.2822838803577,1331
3351.947393367319,1338
3353.61225735521,1330
3355.2768761721345,1312
3356.9412501462693,1332
3358.605379605873,1300
3360.2692648792827,1276
3361.9329062949146,1304
3363.596304181263,1304
