CollectionTime,7/10/2024 5:01:42 PM
ExposureUsed,3
CalibratedSpectrum
-962.7078968117929,637
-959.9714848408522,688
-957.2358232597828,708
-954.5009119013725,691
-951.7667505983302,686
-949.0333391832855,700
-946.3006774887896,695
-943.5687653473143,725
-940.837602591253,652
-938.1071890529199,669
-935.3775245645503,684
-932.6486089583007,714
-929.9204420662485,710
-927.1930237203925,698
-924.4663537526524,710
-921.7404319948689,706
-919.0152582788041,683
-916.2908324361409,738
-913.5671542984834,748
-910.8442236973568,699
-908.1220404642074,677
-905.4006044304027,704
-902.679915427231,686
-899.959973285902,693
-897.2407778375464,713
-894.5223289132158,721
-891.8046263438832,688
-889.0876699604426,705
-886.3714595937089,696
-883.6559950744183,706
-880.9412762332282,725
-878.2273029007168,705
-875.5140749073835,745
-872.8015920836489,705
-870.0898542598545,648
-867.3788612662631,713
-864.6686129330585,734
-861.9591090903457,734
-859.2503495681506,694
-856.5423341964203,724
-853.8350628050229,693
-851.1285352237478,673
-848.4227512823054,679
-845.7177108103272,716
-843.0134136373656,689
-840.3098595928943,713
-837.6070485063082,739
-834.9049802069229,717
-832.2036545239757,712
-829.5030712866244,702
-826.8032303239481,764
-824.1041314649472,701
-821.4057745385428,699
-818.7081593735775,702
-816.0112857988148,741
-813.3151536429393,719
-810.6197627345566,691
-807.9251129021936,709
-805.2312039742981,721
-802.5380357792392,735
-799.8456081453069,732
-797.1539209007124,703
-794.462973873588,730
-791.772766891987,789
-789.083299783884,734
-786.3945723771743,726
-783.7065844996748,705
-781.0193359791231,725
-778.3328266431781,712
-775.6470563194197,728
-772.9620248353489,705
-770.2777320183878,686
-767.5941776958798,743
-764.9113616950891,738
-762.2292838432011,778
-759.5479439673222,724
-756.8673418944801,734
-754.1874774516235,750
-751.5083504656222,760
-748.8299607632671,767
-746.15230817127,753
-743.475392516264,733
-740.7992136248035,722
-738.1237713233636,773
-735.4490654383407,750
-732.7750957960521,771
-730.1018622227365,764
-727.4293645445534,730
-724.7576025875837,810
-722.0865761778291,770
-719.4162851412126,775
-716.7467293035781,773
-714.0779084906909,780
-711.409822528237,802
-708.7424712418238,749
-706.0758544569796,775
-703.4099719991541,797
-700.7448236937178,767
-698.0804093659622,814
-695.4167288411002,830
-692.7537819442656,820
-690.0915685005134,784
-687.4300883348199,774
-684.7693412720819,762
-682.1093271371178,799
-679.4500457546669,766
-676.7914969493897,844
-674.1336805458676,788
-671.4765963686034,825
-668.8202442420206,799
-666.1646239904642,789
-663.5097354382001,811
-660.8555784094151,790
-658.2021527282176,824
-655.5494582186366,841
-652.8974947046223,801
-650.2462620100463,840
-647.5957599587009,811
-644.9459883742998,812
-642.2969470804776,826
-639.6486359007902,834
-637.0010546587141,848
-634.3542031776476,817
-631.7080812809096,822
-629.0626887917401,868
-626.4180255333008,836
-623.7740913286734,812
-621.1308860008619,837
-618.4884093727904,914
-615.8466612673046,876
-613.2056415071715,837
-610.5653499150785,832
-607.9257863136347,902
-605.28695052537,868
-602.6488423727357,846
-600.0114616781036,839
-597.3748082637674,842
-594.7388819519412,860
-592.1036825647604,859
-589.4692099242818,871
-586.8354638524829,929
-584.2024441712624,888
-581.5701507024403,889
-578.9385832677575,885
-576.3077416888759,907
-573.6776257873787,888
-571.0482353847704,901
-568.4195703024757,886
-565.7916303618415,878
-563.164415384135,868
-560.5379251905453,889
-557.9121596021815,854
-555.2871184400748,947
-552.6628015251767,881
-550.0392086783606,852
-547.4163397204204,911
-544.794194472071,919
-542.1727727539491,892
-539.5520743866118,929
-536.9320991905377,943
-534.3128469861261,949
-531.6943175936979,996
-529.0765108334947,972
-526.4594265256793,1012
-523.8430644903358,1116
-521.2274245474689,1277
-518.612506517005,1303
-515.9983102187913,1276
-513.3848354725959,1297
-510.77208209810846,1315
-508.16004991493924,1391
-505.5487387426199,1459
-502.9381484006032,1615
-500.3282787082628,1740
-497.71912948489364,1709
-495.1107005497117,1608
-492.5029917218539,1472
-489.8960028203786,1357
-487.28973366426493,1255
-484.68418407241325,1160
-482.07935386364494,1088
-479.47524285670266,1104
-476.87185087025,1109
-474.2691777228715,1118
-471.66722323307334,1168
-469.0659872192821,1149
-466.4654694998459,1122
-463.86566989303384,1092
-461.26658821703614,1060
-458.66822428996414,1037
-456.07057792985,1103
-453.4736489546475,1129
-450.877437182231,1086
-448.28194243039627,1080
-445.68716451686,1048
-443.09310325926003,1001
-440.49975847515555,1059
-437.9071299820263,1035
-435.31521759727354,1045
-432.72402113821954,1075
-430.13354042210767,1095
-427.5437752661022,1147
-424.95472548728867,1087
-422.36639090267386,1097
-419.7787713291855,1123
-417.1918665836721,1136
-414.60567648290385,1198
-412.0202008435715,1127
-409.4354394822874,1124
-406.8513922155845,1168
-404.26805885991723,1156
-401.685439231661,1157
-399.103533147112,1196
-396.522340422488,1169
-393.9418608739278,1147
-391.3620943174908,1096
-388.7830405691583,1114
-386.2046994448317,1050
-383.6270707603344,1064
-381.05015433141045,1013
-378.473949973725,903
-375.8984575028645,833
-373.32367673433623,801
-370.74960748356875,788
-368.1762495659117,691
-365.60360279663576,753
-363.03166699093265,631
-360.4604419639154,566
-357.8899275306178,551
-355.32012350599507,519
-352.7510297049233,476
-350.1826459421999,477
-347.61497203254316,475
-345.04800779059235,477
-342.4817530309082,488
-339.91620756797226,522
-337.35137121618743,483
-334.7872437898774,504
-332.22382510328725,500
-329.66111497058273,489
-327.09911320585127,500
-324.53781962310075,514
-321.9772340362607,520
-319.4173562591816,498
-316.8581861056348,471
-314.2997233893127,476
-311.7419679238294,514
-309.1849195227194,496
-306.62857799943856,538
-304.0729431673641,579
-301.51801483979375,582
-298.963792829947,559
-296.41027695096386,550
-293.85746701590574,632
-291.3053628377552,624
-288.7539642294155,622
-286.2032710037115,601
-283.65328297338897,567
-281.1039999511146,570
-278.5554217494762,543
-276.007548180983,641
-273.4603790580651,683
-270.9139141930734,641
-268.3681533982807,701
-265.8230964858798,714
-263.27874326798565,715
-260.7350935566336,725
-258.1921471637804,704
-255.6499039013039,733
-253.10836358100266,689
-250.56752601459698,653
-248.02739101372765,610
-245.48795838995704,639
-242.94922795476816,718
-240.41119951956557,672
-237.8738728956746,696
-235.33724789434166,695
-232.80132432673452,643
-230.2661020039418,625
-227.73158073697357,661
-225.19776033676033,682
-222.66464061415422,727
-220.1322213799284,716
-217.60050244477725,760
-215.06948361931552,737
-212.53916471408013,714
-210.00954553952818,697
-207.48062590603843,761
-204.9524056239104,800
-202.4248845033651,781
-199.8980623545441,742
-197.37193898751036,788
-194.84651421224817,814
-192.32178783866232,820
-189.79775967657952,827
-187.27442953574644,821
-184.7517972258321,868
-182.2298625564256,850
-179.7086253370378,807
-177.18808537710026,763
-174.66824248596583,750
-172.14909647290835,823
-169.6306471471229,949
-167.11289431772548,905
-164.59583779375328,880
-162.07947738416453,876
-159.5638128978386,969
-157.04884414357605,969
-154.53457093009854,993
-152.02099306604828,1014
-149.50811035998936,1035
-146.99592262040665,993
-144.48442965570587,1009
-141.97363127421409,1060
-139.46352728417958,1184
-136.95411749377126,1245
-134.44540171107985,1166
-131.93737974411636,1004
-129.43005140081357,928
-126.92341648902493,1089
-124.41747481652521,1406
-121.91222619101006,1928
-119.40767042009657,2203
-116.90380731132257,2451
-114.40063667214702,2527
-111.8981583099503,2629
-109.3963720320337,2676
-106.89527764561933,2476
-104.39487495785067,2687
-101.89516377579241,2675
-99.39614390642998,2894
-96.89781515667039,2837
-94.40017733334128,2459
-91.90323024319173,2572
-89.40697369289148,3392
-86.91140748903172,5134
-84.41653143812482,6895
-81.92234534660395,7645
-79.42884902082358,6130
-76.93604226705907,4526
-74.4439248915071,5468
-71.95249670028534,10252
-69.46175749943245,14872
-66.97170709490854,18632
-64.48234529259423,18856
-61.99367189829195,15946
-59.50568671772464,10536
-57.01838955653636,7412
-54.53178022029283,7656
-52.045858514480074,7456
-49.560624244506016,9095
-47.07607721569923,11011
-44.59221723330904,10143
-42.10904410250669,10146
-39.62655762838392,11654
-37.14475761595372,12329
-34.66364387015028,13128
-32.18321619582866,12061
-29.70347439776515,12273
-27.224418280657005,12143
-24.74604764912317,11058
-22.26836230770266,14306
-19.7913620608565,25304
-17.315046712966478,45553
-14.83941606833514,61711
-12.36446993118659,65037
-9.89020810566592,65037
-7.416630395839093,65037
-4.94373660569363,65037
-2.471526539137585,65037
-6.821210263296962E-13,65037
2.47084320796705,65037
4.941003281093458,65037
7.410480415786196,65037
9.879274808531363,65037
12.347386655893956,65037
14.814816154518212,65037
17.28156350112681,65037
19.74762889252179,65037
22.21301252558385,65037
24.67771459727237,21021
27.141735304626195,4811
29.605074844762612,3455
32.06773341487792,2798
34.52971121224755,2572
36.99100843422559,2540
39.45162527824516,2509
41.91156194181792,2515
44.370818622535126,2053
46.82939551806646,1395
49.287292826160524,1538
51.74451074464503,1778
54.201049471426245,2278
56.65690920448981,2447
59.112090141899785,2022
61.56659248179983,1372
64.02041642241159,1240
66.4735621620365,918
68.92602989905402,1146
71.37781983192338,1322
73.82893215918205,1542
76.27936707944684,1673
78.72912479141326,1652
81.17820549385567,1481
83.62660938562783,1192
86.07433666566146,1128
88.5213875329681,1069
90.96776218663751,1066
93.41346082583925,1188
95.85848364982041,1267
98.30283085790859,1377
100.7465026495089,1269
103.18949922410604,1337
105.63182078126385,1343
108.07346752062438,1389
110.51443964190923,1452
112.95473734491827,1424
115.39436082953114,1101
117.83331029570547,1099
120.27158594347827,1331
122.7091879729652,1580
125.1461165843615,1658
127.58237197794062,1678
130.01795435405518,1251
132.4528639131364,1084
134.88710085569494,1127
137.32066538231982,1145
139.75355769367923,1113
142.1857779905207,1036
144.61732647366978,949
147.04820334403132,938
149.47840880258934,928
151.90794305040674,1047
154.33680628862487,1242
156.76499871846443,1512
159.19252054122433,1728
161.61937195828352,1737
164.04555317109896,1665
166.47106438120693,1929
168.89590579022217,2115
171.320077599839,2245
173.7435800118302,2258
176.16641322804742,2432
178.58857745042144,2591
181.01007288096173,2709
183.43089972175687,2687
185.85105817497413,2700
188.27054844285988,2823
190.6893707277394,2755
193.10752523201643,2796
195.5250121581745,2907
197.9418317087751,3043
200.3579840864594,3097
202.7734694939469,2914
205.18828813403627,2964
207.6024402096051,3127
210.01592592360964,3145
212.42874547908548,3165
214.84089907914665,3172
217.2523869269868,3012
219.66320922587727,3021
222.0733661791695,2975
224.48285799029293,3051
226.8916848627572,3077
229.29984700014882,3158
231.7073446061355,3103
234.11417788446204,3093
236.520347038953,3020
238.92585227351185,3057
241.33069379212054,3161
243.73487179884035,3173
246.1383864978112,3236
248.541238093252,3170
250.9434267894609,3195
253.34495279081432,3231
255.74581630176783,3176
258.1460175268563,3200
260.54555667069314,3182
262.9444339379703,3174
265.3426495334594,3220
267.7402036620107,3027
270.1370965285529,3022
272.53332833809407,3098
274.9288992957214,2923
277.32380960660055,2881
279.718059475976,2849
282.1116491091717,2965
284.5045787115897,2747
286.89684848871195,2786
289.2884586460981,2940
291.67940938938807,2796
294.0697009242996,2786
296.4593334566299,2812
298.84830719225477,2744
301.23662233712923,2805
303.6242790972866,2862
306.01127767884,2740
308.39761828798066,2766
310.78330113097934,2671
313.16832641418534,2710
315.5526943440269,2709
317.9364051270112,2604
320.3194589697242,2649
322.70185607883093,2631
325.0835966610754,2734
327.4646809232805,2620
329.8451090723478,2572
332.2248813152577,2546
334.6039978590701,2556
336.9824589109231,2533
339.36026467803447,2471
341.7374153677,2507
344.113911187295,2460
346.48975234427337,2511
348.8649390461686,2447
351.2394715005918,2479
353.61334991523415,2525
355.9865744978655,2430
358.35914545633375,2496
360.73106299856715,2387
363.10232733257146,2424
365.47293866643247,2492
367.84289720831396,2446
370.2122031664593,2390
372.5808567491905,2442
374.9488581649083,2435
377.31620762209275,2371
379.6829053293021,2374
382.0489514951745,2330
384.4143463284262,2342
386.7790900378528,2385
389.14318283232853,2398
391.50662492080653,2251
393.86941651231916,2264
396.23155781597745,2419
398.5930490409713,2398
400.9538903965696,2311
403.3140820921202,2434
405.6736243370498,2323
408.03251734086336,2382
410.3907613131465,2287
412.74835646356166,2366
415.10530300185144,2359
417.4616011378372,2323
419.81725108141893,2357
422.1722530425758,2367
424.5266072313656,2250
426.880313857925,2235
429.2333731324701,2315
431.58578526529516,2238
433.9375504667738,2273
436.2886689473588,2371
438.63914091758113,2260
440.9889665880513,2312
443.33814616945835,2232
445.68667987257015,2289
448.03456790823395,2227
450.3818104873759,2297
452.72840782100013,2188
455.07436012019105,2155
457.41966759611057,2155
459.7643304600007,2153
462.10834892318155,2273
464.4517231970525,2257
466.79445349309174,2254
469.1365400228566,2208
471.4779829979826,2237
473.81878263018564,2257
476.15893913125876,2156
478.4984527130747,2277
480.8373235875855,2295
483.17555196682144,2418
485.5131380628919,2380
487.8500820879857,2469
490.1863842543697,2665
492.52204477439034,2681
494.8570638604725,2900
497.1914417251204,3143
499.52517858091653,3375
501.85827464052306,3457
504.19073011668036,3505
506.5225452222086,3581
508.85372017000566,3403
511.18425517304956,3443
513.514150444396,3566
515.8434061971808,4366
518.1720226446176,5291
520.4999999999999,5662
522.8273384766991,5472
525.1540382881666,4919
527.480099647932,4516
529.8055227696037,3749
532.1303078668694,3079
534.454455153496,2649
536.777964843328,2480
539.1008371502907,2403
541.4230722883866,2341
543.744670471698,2312
546.0656319143858,2341
548.3859568306899,2340
550.7056454349294,2278
553.0246979415016,2210
555.3431145648834,2263
557.6608955196306,2233
559.978041020377,2201
562.2945512818363,2232
564.6104265188006,2414
566.9256669461412,2350
569.2402727788082,2311
571.5542442318302,2262
573.8675815203156,2329
576.1802848594508,2306
578.4923544645015,2371
580.8037905508126,2286
583.114593333807,2293
585.4247630289875,2289
587.7342998519354,2302
590.0432040183106,2276
592.3514757438526,2336
594.6591152443794,2393
596.9661227357875,2347
599.2724984340531,2252
601.578242555231,2246
603.8833553154542,2303
606.1878369309362,2273
608.4916876179676,2276
610.7949075929192,2270
613.0974970722403,2310
615.3994562724587,2263
617.7007854101818,2226
620.0014847020951,2293
622.3015543649641,2370
624.6009946156324,2323
626.8998056710224,2375
629.1979877481361,2286
631.4955410640538,2322
633.7924658359349,2309
636.0887622810175,2306
638.3844306166192,2339
640.6794710601358,2261
642.9738838290426,2322
645.2676691408932,2337
647.5608272133207,2361
649.853358264037,2298
652.1452625108324,2384
654.4365401715764,2402
656.7271914642178,2386
659.0172166067838,2314
661.3066158173809,2362
663.5953893141935,2342
665.8835373154867,2320
668.1710600396028,2332
670.4579577049639,2385
672.7442305300709,2386
675.0298787335033,2331
677.3149025339197,2312
679.599302150058,2419
681.8830778007342,2352
684.1662297048437,2283
686.4487580813608,2376
688.7306631493387,2385
691.0119451279091,2406
693.2926042362834,2336
695.5726406937516,2402
697.8520547196814,2388
700.1308465335215,2338
702.4090163547982,2359
704.6865644031171,2327
706.9634908981619,2349
709.2397960596965,2343
711.5154801075631,2327
713.7905432616823,2386
716.0649857420548,2324
718.3388077687592,2389
720.612009561953,2364
722.8845913418733,2356
725.1565533288352,2262
727.427895743234,2313
729.6986188055427,2411
731.9687227363137,2293
734.238207756178,2356
736.5070740858458,2326
738.7753219461066,2371
741.0429515578281,2292
743.3099631419569,2324
745.5763569195191,2341
747.8421331116193,2346
750.1072919394409,2314
752.3718336242467,2377
754.6357583873777,2350
756.8990664502545,2358
759.1617580343765,2348
761.423833361321,2319
763.6852926527457,2345
765.9461361303862,2366
768.206364016058,2428
770.4659765316536,2363
772.7249738991469,2414
774.9833563405886,2429
777.2411240781092,2459
779.4982773339183,2372
781.7548163303044,2387
784.010741289634,2413
786.2660524343538,2497
788.5207499869881,2458
790.7748341701416,2408
793.0283052064964,2417
795.2811633188143,2447
797.5334087299362,2316
799.7850416627813,2414
802.0360623403484,2379
804.2864709857143,2320
806.5362678220353,2409
808.7854530725468,2331
811.0340269605625,2305
813.2819897094754,2532
815.5293415427581,2475
817.77608268396,2388
820.0222133567116,2388
822.2677337847211,2470
824.5126441917765,2363
826.7569448017433,2382
829.0006358385675,2372
831.2437175262731,2402
833.4861900889629,2303
835.7280537508192,2436
837.9693087361026,2512
840.2099552691533,2431
842.4499935743896,2358
844.689423876309,2428
846.9282463994886,2450
849.1664613685833,2391
851.4040690083276,2317
853.6410695435349,2380
855.877463199097,2366
858.1132501999847,2392
860.3484307712487,2375
862.5830051380175,2389
864.8169735254988,2381
867.0503361589791,2465
869.2830932638243,2439
871.5152450654786,2417
873.7467917894654,2447
875.9777336613873,2429
878.2080709069252,2432
880.4378037518389,2501
882.666932421968,2418
884.8954571432301,2472
887.1233781416219,2531
889.3506956432192,2547
891.5774098741766,2443
893.803521060728,2440
896.0290294291852,2505
898.2539352059397,2515
900.4782386174619,2426
902.7019398903011,2518
904.925039251085,2443
907.147536926521,2533
909.3694331433943,2347
911.59072812857,2448
913.8114221089921,2359
916.0315153116827,2414
918.2510079637437,2383
920.4699002923547,2415
922.6881925247761,2389
924.905884888345,2380
927.1229776104793,2370
929.3394709186747,2389
931.555365040506,2363
933.7706602036275,2356
935.9853566357709,2319
938.1994545647489,2386
940.4129542184515,2351
942.6258558248488,2391
944.8381596119883,2397
947.0498658079974,2337
949.2609746410825,2308
951.4714863395287,2352
953.6814011316998,2317
955.8907192460387,2400
958.0994409110671,2392
960.3075663553858,2272
962.5150958076741,2351
964.7220294966913,2305
966.928367651274,2345
969.1341105003388,2398
971.3392582728806,2296
973.5438111979742,2302
975.747769504772,2427
977.9511334225061,2258
980.153903180487,2349
982.3560790081052,2266
984.5576611348289,2363
986.7586497902058,2252
988.9590452038618,2238
991.158847605503,2248
993.3580572249133,2271
995.5566742919558,2305
997.7546990365728,2203
999.952131688785,2158
1002.1489724786926,2129
1004.3452216364743,2089
1006.5408793923874,2100
1008.7359459767691,2197
1010.9304216200343,2094
1013.1243065526781,2133
1015.3176010052733,2105
1017.510305208472,2071
1019.7024193930064,2040
1021.8939437896848,2062
1024.0848786293977,1955
1026.2752241431122,2016
1028.4649805618747,2062
1030.6541481168115,2057
1032.842727039127,1988
1035.0307175601051,1987
1037.2181199111074,1958
1039.4049343235752,1976
1041.591161029029,1947
1043.7768002590683,2059
1045.9618522453698,2033
1048.1463172196918,2015
1050.3301954138697,2024
1052.513487059818,1991
1054.69619238953,2045
1056.8783116350783,2083
1059.0598450286152,2019
1061.2407928023704,1940
1063.4211551886528,1985
1065.6009324198508,1977
1067.780124728432,2029
1069.9587323469414,2091
1072.1367555080046,1961
1074.314194444325,1996
1076.4910493886855,2048
1078.667320573947,1930
1080.843008233051,1957
1083.0181125990161,1992
1085.1926339049414,1986
1087.3665723840027,1968
1089.5399282694575,1969
1091.7127017946405,1911
1093.8848931929647,1939
1096.0565026979243,1895
1098.2275305430899,1986
1100.3979769621128,1947
1102.567842188722,1932
1104.737126456726,1934
1106.9058300000124,1894
1109.0739530525475,1912
1111.2414958483764,1882
1113.4084586216231,1885
1115.5748416064907,1946
1117.7406450372605,1905
1119.9058691482942,1949
1122.0705141740304,1930
1124.2345803489884,1915
1126.3980679077658,1860
1128.5609770850388,1921
1130.7233081155623,1858
1132.8850612341707,1912
1135.0462366757774,1874
1137.2068346753745,1836
1139.3668554680326,1928
1141.526299288901,1907
1143.68516637321,1972
1145.8434569562655,1898
1148.001171273455,1813
1150.158309560244,1836
1152.3148720521767,1936
1154.470858984876,1899
1156.626270594044,1869
1158.7811071154629,1877
1160.9353687849912,1844
1163.089055838569,1925
1165.242168512213,1828
1167.3947070420209,1835
1169.5466716641677,1870
1171.6980626149075,1800
1173.8488801305748,1803
1175.9991244475814,1912
1178.1487958024186,1844
1180.2978944316555,1834
1182.4464205719428,1902
1184.5943744600072,1880
1186.7417563326567,1857
1188.8885664267755,1837
1191.0348049793297,1870
1193.1804722273619,1848
1195.325568407995,1883
1197.4700937584303,1836
1199.614048515948,1816
1201.7574329179074,1906
1203.900247201746,1901
1206.042491604982,1883
1208.1841663652099,1936
1210.3252717201053,1844
1212.465807907422,1862
1214.6057751649923,1874
1216.7451737307279,1824
1218.8840038426192,1836
1221.0222657387353,1904
1223.1599596572241,1938
1225.2970858363137,1894
1227.4336445143094,1920
1229.5696359295966,1894
1231.705060320639,1885
1233.8399179259786,1968
1235.9742089842384,1874
1238.107933734118,1897
1240.2410924143974,1929
1242.373685263935,1929
1244.5057125216676,1853
1246.6371744266116,1937
1248.7680712178621,1894
1250.898403134593,1898
1253.028170416058,1877
1255.1573733015875,1835
1257.2860120305932,1936
1259.4140868425648,1904
1261.54159797707,1930
1263.6685456737569,1930
1265.7949301723515,1956
1267.9207517126597,1943
1270.046010534565,2034
1272.1707068780306,1980
1274.2948409830983,1947
1276.4184130898889,1950
1278.541423438603,1991
1280.6638722695184,1986
1282.785759822993,1968
1284.9070863394636,2002
1287.0278520594447,2002
1289.1480572235314,2091
1291.2677020723963,2040
1293.3867868467923,2081
1295.5053117875495,2048
1297.623277135579,2024
1299.740683131868,2049
1301.8575300174857,2173
1303.973818033578,2076
1306.0895474213703,2030
1308.2047184221678,2100
1310.3193312773528,2099
1312.4333862283888,2055
1314.5468835168163,2093
1316.659823384255,2097
1318.7722060724045,2105
1320.8840318230418,2077
1322.9953008780249,2152
1325.1060134792888,2149
1327.2161698688478,2112
1329.3257702887959,2071
1331.4348149813054,2048
1333.5433041886276,2143
1335.6512381530933,2130
1337.7586171171101,2088
1339.8654413231675,2115
1341.9717110138317,2061
1344.0774264317488,2049
1346.1825878196432,2091
1348.2871954203192,2045
1350.3912494766587,2056
1352.4947502316231,2089
1354.5976979282532,2086
1356.7000928096686,2089
1358.8019351190665,2149
1360.9032250997243,2006
1363.0039629949988,2013
1365.1041490483235,2046
1367.2037835032133,2076
1369.3028666032606,2092
1371.401398592137,2088
1373.4993797135926,2116
1375.5968102114575,2003
1377.6936903296396,2043
1379.7900203121262,2116
1381.8858004029835,2084
1383.9810308463561,2028
1386.075711886469,2142
1388.1698437676241,2095
1390.2634267342032,2069
1392.356461030667,2022
1394.4489469015557,2073
1396.5408845914872,2107
1398.6322743451592,2054
1400.7231164073469,2151
1402.813411022907,2060
1404.903158436773,2124
1406.9923588939578,2131
1409.0810126395531,2097
1411.1691199187303,2073
1413.2566809767386,2129
1415.343696058907,2074
1417.4301654106425,2102
1419.5160892774315,2141
1421.6014679048399,2135
1423.6863015385125,2178
1425.7705904241707,2191
1427.8543348076178,2186
1429.9375349347342,2201
1432.0201910514802,2190
1434.102303403894,2161
1436.1838722380944,2263
1438.2648978002767,2181
1440.3453803367174,2259
1442.4253200937692,2224
1444.5047173178677,2300
1446.5835722555234,2369
1448.6618851533285,2335
1450.739656257952,2350
1452.8168858161434,2349
1454.8935740747306,2337
1456.96972128062,2461
1459.045327680797,2433
1461.120393522327,2416
1463.1949190523528,2545
1465.2689045180973,2495
1467.3423501668608,2544
1469.415256246024,2545
1471.4876230030463,2580
1473.559450685465,2647
1475.6307395408976,2618
1477.7014898170391,2752
1479.771701761665,2656
1481.8413756226287,2778
1483.9105116478618,2748
1485.9791100853772,2797
1488.0471711832643,2818
1490.1146951896926,2919
1492.1816823529098,2841
1494.2481329212433,2853
1496.3140471430984,2922
1498.3794252669609,2923
1500.4442675413939,2932
1502.5085742150404,3100
1504.572345536622,2967
1506.6355817549388,3111
1508.6982831188702,3106
1510.7604498773744,3135
1512.8220822794883,3120
1514.8831805743293,3197
1516.9437450110909,3242
1519.003775839048,3183
1521.0632733075522,3243
1523.1222376660367,3297
1525.1806691640113,3313
1527.2385680510652,3366
1529.2959345768668,3340
1531.3527689911643,3376
1533.4090715437833,3309
1535.4648424846291,3423
1537.5200820636855,3492
1539.5747905310159,3578
1541.6289681367616,3684
1543.6826151311434,3708
1545.7357317644614,3640
1547.7883182870937,3668
1549.8403749494987,3800
1551.8919020022113,3695
1553.9428996958477,3768
1555.9933682811015,3771
1558.0433080087469,3939
1560.0927191296346,4055
1562.1416018946961,3975
1564.1899565549415,3945
1566.2377833614592,4000
1568.2850825654164,4009
1570.3318544180606,3788
1572.3780991707158,3741
1574.423817074788,3631
1576.4690083817595,3500
1578.5136733431923,3350
1580.5578122107272,3315
1582.601425236085,3182
1584.6445126710646,3092
1586.6870747675434,3005
1588.7291117774776,2816
1590.7706239529034,2713
1592.8116115459347,2827
1594.8520748087658,2644
1596.8920139936686,2648
1598.9314293529933,2605
1600.9703211391711,2498
1603.008689604711,2479
1605.0465350022005,2305
1607.0838575843068,2393
1609.1206576037753,2363
1611.1569353134305,2298
1613.1926909661765,2273
1615.2279248149953,2244
1617.2626371129481,2225
1619.2968281131757,2229
1621.3304980688963,2214
1623.3636472334088,2110
1625.39627586009,2170
1627.428384202396,2181
1629.459972513861,2128
1631.4910410480993,2173
1633.5215900588028,2087
1635.551619799744,2162
1637.5811305247717,2033
1639.6101224878166,2095
1641.6385959428862,2162
1643.6665511440683,2075
1645.693988345528,2045
1647.7209078015112,2054
1649.7473097663405,2026
1651.7731944944203,2098
1653.7985622402307,2001
1655.823413258333,2109
1657.847747803366,2053
1659.8715661300494,1944
1661.8948684931793,1973
1663.9176551476316,2004
1665.9399263483624,2056
1667.9616823504057,1953
1669.982923408873,1990
1672.0036497789574,2042
1674.0238617159293,2077
1676.043559475138,1953
1678.0627433120121,2072
1680.081413482059,2031
1682.0995702408654,1995
1684.117213844096,1949
1686.134344547495,1984
1688.1509626068864,1979
1690.1670682781705,2025
1692.182661817329,2004
1694.1977434804217,1980
1696.2123135235875,2004
1698.226372203043,1995
1700.2399197750851,1980
1702.2529564960905,2026
1704.2654826225112,1943
1706.277498410882,2053
1708.2890041178139,1955
1710.2999999999988,2027
1712.3104863142066,2015
1714.3204633172854,1981
1716.329931266163,1966
1718.3388904178469,1909
1720.3473410294214,1910
1722.3552833580516,1924
1724.3627176609807,1956
1726.3696441955308,1999
1728.3760632191033,1952
1730.3819749891782,1956
1732.3873797633146,1962
1734.3922777991502,1990
1736.3966693544012,1834
1738.4005546868639,1975
1740.4039340544127,1909
1742.406807715001,1984
1744.4091759266616,1881
1746.4110389475054,1954
1748.4123970357223,1923
1750.413250449582,1988
1752.4135994474318,1873
1754.4134442876993,1980
1756.4127852288902,1936
1758.4116225295893,1895
1760.4099564484595,1913
1762.407787244244,1908
1764.405115175764,1931
1766.4019405019203,1867
1768.3982634816916,1846
1770.3940843741357,1911
1772.3894034383907,1884
1774.3842209336717,1886
1776.378537119274,1904
1778.372352254571,1846
1780.3656665990156,1907
1782.3584804121397,1832
1784.3507939535534,1912
1786.3426074829463,1892
1788.3339212600863,1863
1790.3247355448211,1915
1792.3150505970766,1857
1794.3048666768573,1963
1796.2941840442477,1898
1798.2830029594106,1885
1800.2713236825884,1901
1802.2591464741004,1882
1804.2464715943465,1835
1806.2332993038058,1891
1808.2196298630352,1904
1810.2054635326708,1890
1812.190800573428,1862
1814.175641246101,1896
1816.1599858115628,1894
1818.1438345307652,1886
1820.127187664738,1861
1822.1100454745924,1860
1824.092408221516,1890
1826.0742761667766,1852
1828.055649571721,1820
1830.0365286977735,1876
1832.0169138064398,1865
1833.9968051593014,1858
1835.9762030180214,1845
1837.9551076443408,1937
1839.9335193000788,1918
1841.9114382471344,1852
1843.888864747485,1858
1845.8657990631878,1831
1847.842241456378,1913
1849.8181921892697,1874
1851.7936515241558,1817
1853.7686197234098,1850
1855.7430970494815,1821
1857.7170837649014,1906
1859.6905801322787,1864
1861.6635864143004,1950
1863.6361028737338,1867
1865.608129773424,1876
1867.5796673762961,1906
1869.5507159453537,1894
1871.521275743678,1892
1873.4913470344313,1887
1875.4609300808534,1867
1877.4300251462632,1843
1879.3986324940588,1870
1881.366752387717,1922
1883.3343850907936,1906
1885.3015308669228,1933
1887.268189979819,1888
1889.2343626932739,1923
1891.2000492711595,1917
1893.1652499774254,1945
1895.1299650761011,1979
1897.0941948312952,1875
1899.0579395071945,1923
1901.0211993680641,1854
1902.98397467825,1836
1904.9462657021745,1955
1906.9080727043415,1940
1908.869395949332,1906
1910.8302357018065,1931
1912.790592226504,2020
1914.7504657882428,1949
1916.7098566519212,1955
1918.6687650825133,1897
1920.6271913450764,1892
1922.5851357047422,1910
1924.5425984267245,1885
1926.499579776314,1885
1928.4560800188833,1846
1930.4120994198802,1892
1932.367638244833,1891
1934.32269675935,1924
1936.2772752291175,1914
1938.231373919899,1911
1940.1849930975404,1920
1942.1381330279637,1933
1944.0907939771696,1852
1946.0429762112412,1950
1947.9946799963363,1888
1949.9459055986945,1943
1951.896653284633,1877
1953.8469233205478,1857
1955.7967159729142,1888
1957.7460315082863,1887
1959.6948701932974,1866
1961.6432322946594,1967
1963.5911180791632,1913
1965.5385278136787,1881
1967.4854617651545,1873
1969.4319202006182,1921
1971.377903387176,1873
1973.3234115920136,1871
1975.268445082395,1941
1977.2130041256642,1907
1979.1570889892423,1893
1981.1006999406304,1812
1983.04383724741,1893
1984.986501177238,1873
1986.928691997853,1870
1988.8704099770712,1894
1990.811655382789,1859
1992.7524284829801,1879
1994.692729545698,1951
1996.6325588390755,1912
1998.5719166313224,1874
2000.5108031907307,1873
2002.4492187856677,1889
2004.387163684583,1883
2006.3246381560011,1850
2008.2616424685298,1907
2010.1981768908527,1812
2012.1342416917332,1912
2014.069837140014,1797
2016.0049635046162,1918
2017.9396210545406,1840
2019.8738100588666,1783
2021.8075307867502,1860
2023.740783507431,1891
2025.6735684902228,1888
2027.6058860045214,1845
2029.5377363198004,1858
2031.4691197056118,1911
2033.4000364315875,1813
2035.3304867674374,1845
2037.260470982952,1811
2039.189989347998,1788
2041.1190421325232,1902
2043.047629606554,1852
2044.9757520401945,1900
2046.9034097036288,1811
2048.8306028671195,1840
2050.7573318010086,1821
2052.683596775716,1877
2054.609398061742,1846
2056.5347359296647,1842
2058.4596106501403,1878
2060.384022493906,1866
2062.3079717317764,1862
2064.231458634646,1857
2066.1544834734873,1868
2068.077046519352,1912
2069.99914804337,1950
2071.9207883167524,1827
2073.8419676107865,1902
2075.7626861968406,1914
2077.6829443463607,1896
2079.6027423308715,1914
2081.522080421977,1834
2083.440958891362,1854
2085.359378010786,1793
2087.2773380520907,1875
2089.194839287196,1854
2091.111881988101,1870
2093.0284664268825,1917
2094.9445928756973,1832
2096.86026160678,1893
2098.775472892446,1928
2100.690227005088,1896
2102.604524217178,1893
2104.5183648012676,1877
2106.431749029985,1884
2108.34467717604,1960
2110.2571495122206,1917
2112.169166311393,1850
2114.080727846503,1827
2115.9918343905747,1885
2117.902486216711,1927
2119.8126835980956,1929
2121.722426807987,1894
2123.6317161197285,1943
2125.5405518067364,1887
2127.448934142509,1925
2129.356863400624,1899
2131.264339854737,1961
2133.1713637785815,1963
2135.077935445972,1877
2136.9840551308002,1951
2138.889723107037,1977
2140.7949396487334,1964
2142.699705030018,1978
2144.6040195250994,1938
2146.507883408264,1844
2148.4112969538774,1925
2150.3142604363848,1956
2152.2167741303097,1979
2154.1188383102535,1848
2156.0204532508997,1941
2157.9216192270064,1933
2159.822336513414,1898
2161.7226053850413,1966
2163.622426116884,1954
2165.5217989840185,1920
2167.4207242616,1931
2169.319202224862,2006
2171.2172331491165,1960
2173.1148173097563,2018
2175.0119549822507,1981
2176.90864644215,1966
2178.8048919650823,1971
2180.7006918267534,1974
2182.596046302952,2008
2184.4909556695407,2000
2186.3854202024645,2023
2188.279440177746,1989
2190.173015871487,1975
2192.066147559868,1982
2193.958835519149,1963
2195.851080025667,1982
2197.7428813558417,2002
2199.6342397861667,1947
2201.5251555932186,1918
2203.415629053651,1996
2205.3056604441986,1949
2207.19525004167,1990
2209.084398122958,2033
2210.9731049650327,2039
2212.861370844941,1984
2214.749196039812,1979
2216.636580826851,1879
2218.523525483344,2025
2220.410030286655,1924
2222.296095514226,2003
2224.1817214435805,1992
2226.066908352319,1945
2227.951656518121,1942
2229.835966218746,1951
2231.71983773203,1990
2233.6032713358913,1989
2235.486267308324,1964
2237.3688259274036,1994
2239.2509474712824,1971
2241.132632218193,2001
2243.013880446447,1999
2244.8946924344323,1991
2246.7750684606203,1964
2248.6550088035574,2018
2250.534513741871,1951
2252.413583554265,2021
2254.292218519526,1983
2256.170418916517,1937
2258.0481850241786,2016
2259.925517121534,2023
2261.8024154876825,1953
2263.678880401803,2009
2265.5549121431536,1981
2267.430510991071,1991
2269.305677224971,1958
2271.180411124348,1995
2273.0547129687766,1970
2274.9285830379076,2001
2276.8020216114737,1947
2278.6750289692845,1950
2280.5476053912294,1943
2282.4197511572766,1980
2284.2914665474727,1992
2286.162751841943,2009
2288.0336073208937,1949
2289.904033264608,2127
2291.774029953448,2001
2293.6435976678554,2012
2295.5127366883517,1861
2297.381447295534,1938
2299.2497297700825,1935
2301.1175843927526,1934
2302.9850114443825,1937
2304.852011205885,1950
2306.7185839582553,1915
2308.5847299825664,1838
2310.4504495599676,1784
2312.3157429716925,1818
2314.1806104990483,1792
2316.0450524234247,1830
2317.9090690262888,1858
2319.772660589186,1844
2321.635827393742,1810
2323.498569721661,1787
2325.3608878547248,1804
2327.2227820747967,1779
2329.0842526638157,1821
2330.945299903803,1808
2332.805924076857,1848
2334.6661254651535,1826
2336.525904350951,1800
2338.3852610165827,1832
2340.244195744464,1810
2342.102708817088,1773
2343.9608005170253,1793
2345.8184711269287,1863
2347.675720929526,1830
2349.532550207628,1873
2351.38895924412,1784
2353.24494832197,1838
2355.100517724223,1772
2356.955667734004,1757
2358.810398634514,1859
2360.664710709037,1795
2362.5186042409337,1857
2364.3720795136437,1859
2366.225136810686,1806
2368.0777764156583,1842
2369.929998612237,1873
2371.7818036841777,1875
2373.633191915315,1853
2375.484163589562,1893
2377.3347189909114,1813
2379.184858403434,1884
2381.03458211128,1883
2382.8838903986775,1821
2384.732783549936,1813
2386.5812618494406,1853
2388.4293255816588,1861
2390.2769750311327,1840
2392.1242104824883,1835
2393.971032220427,1866
2395.8174405297295,1911
2397.6634356952563,1859
2399.509018001947,1835
2401.3541877348193,1846
2403.1989451789705,1779
2405.043290619576,1910
2406.8872243418905,1807
2408.730746631247,1879
2410.5738577730594,1855
2412.4165580528183,1847
2414.258847756095,1884
2416.100727168537,1832
2417.9421965758734,1966
2419.783256263912,1886
2421.623906518538,1878
2423.4641476257157,1922
2425.303979871491,1872
2427.143403541984,1898
2428.9824189233977,1875
2430.821026302012,1885
2432.6592259641866,1938
2434.497018196361,1906
2436.33440328505,1960
2438.171381516851,1944
2440.00795317844,1792
2441.844118556569,1815
2443.6798779380724,1874
2445.5152316098606,1891
2447.3501798589255,1851
2449.1847229723357,1867
2451.0188612372403,1893
2452.8525949408663,1878
2454.6859243705203,1886
2456.518849813587,1889
2458.3513715575314,1873
2460.183489889895,1918
2462.015205098301,1883
2463.8465174704493,1865
2465.67742729412,1905
2467.5079348571717,1914
2469.338040447542,1917
2471.1677443532476,1832
2472.9970468623833,1860
2474.825948263123,1870
2476.6544488437207,1888
2478.482548892508,1853
2480.310248697896,1865
2482.137548548374,1829
2483.9644487325118,1898
2485.790949538956,1942
2487.617051256433,1926
2489.44275417375,1964
2491.26805857979,1900
2493.0929647635157,1913
2494.917473013971,1853
2496.741583620276,1968
2498.5652968716304,1889
2500.3886130573137,1895
2502.2115324666834,1975
2504.0340553891765,1902
2505.856182114308,1960
2507.6779129316733,1929
2509.499248130945,2002
2511.3201880018764,1903
2513.140732834298,1934
2514.9608829181198,1912
2516.780638543331,1902
2518.6,1931
2520.418967578273,1940
2522.237541568376,1959
2524.0557222606144,1969
2525.8735099453706,1988
2527.6909049131086,2001
2529.507907454368,1996
2531.32451785977,2057
2533.140736420014,2001
2534.9565634258774,1994
2536.771999168218,2020
2538.5870439379714,1960
2540.4016980261526,2036
2542.2159617238544,1974
2544.02983532225,2048
2545.8433191125914,2012
2547.656413386209,2007
2549.4691184345115,1983
2551.2814345489874,2026
2553.093362021204,2041
2554.904901142808,2080
2556.716052205523,2150
2558.526815501153,2086
2560.3371913215824,2123
2562.147179958771,2078
2563.956781704761,2160
2565.7659968516705,2114
2567.5748256916986,2032
2569.3832685171224,2143
2571.1913256202984,2064
2572.9989972936614,2070
2574.806283829725,2200
2576.613185521084,2082
2578.4197026604074,2256
2580.2258355404483,2199
2582.031584454035,2128
2583.836949694077,2267
2585.6419315535613,2181
2587.4465303255533,2197
2589.2507463032002,2186
2591.0545797797245,2197
2592.8580310484303,2233
2594.6611004026995,2245
2596.463788135992,2198
2598.266094541849,2241
2600.0680199138874,2184
2601.869564545807,2250
2603.670728731383,2233
2605.4715127644704,2291
2607.2719169390048,2220
2609.071941548998,2290
2610.8715868885433,2320
2612.670853251811,2313
2614.469740933052,2207
2616.268250226594,2176
2618.0663814268455,2262
2619.864134828292,2187
2621.6615107255006,2208
2623.458509413115,2190
2625.2551311858597,2182
2627.0513763385347,2255
2628.8472451660223,2198
2630.6427379632833,2218
2632.4378550253564,2128
2634.232596647359,2155
2636.026963124488,2151
2637.8209547520187,2165
2639.6145718253065,2114
2641.407814639785,2121
2643.200683490966,2096
2644.9931786744414,2077
2646.7853004858807,2103
2648.577049221034,2151
2650.3684251757277,2140
2652.1594286458712,2188
2653.9500599274484,2051
2655.740319316525,2068
2657.5302071092437,2073
2659.3197236018286,2058
2661.10886909058,2025
2662.8976438718782,2046
2664.686048242183,2011
2666.4740824980327,2102
2668.2617469360443,2094
2670.0490418529134,2002
2671.8359675454153,2105
2673.622524310403,2031
2675.408712444811,2058
2677.1945322456495,1987
2678.979984010009,1920
2680.76506803506,1989
2682.5497846180497,2049
2684.334134056306,2025
2686.1181166472343,1985
2687.9017326883213,1970
2689.6849824771293,1988
2691.4678663113013,1953
2693.2503844885596,2016
2695.032537306705,1987
2696.8143250636167,1910
2698.5957480572542,1988
2700.3768065856534,1937
2702.1575009469316,1884
2703.937831439283,1960
2705.717798360982,1999
2707.4974020103837,1976
2709.276642685917,2000
2711.055520686095,1961
2712.834036309506,1924
2714.612189854819,1920
2716.389981620782,1953
2718.1674119062204,1909
2719.944481010041,1865
2721.721189231226,1947
2723.4975368688415,1948
2725.273524222027,1959
2727.0491515900053,1902
2728.824419272075,1906
2730.5993275676146,1921
2732.3738767760838,1876
2734.148067197016,1919
2735.921899130031,1901
2737.6953728748194,1923
2739.468488731156,1910
2741.2412469988926,1861
2743.0136479779617,1911
2744.785691968372,1871
2746.5573792702116,1878
2748.3287101836504,1949
2750.099685008934,1897
2751.870304046388,1944
2753.640567596418,1930
2755.4104759595057,1822
2757.1800294362156,1966
2758.949228327187,1896
2760.7180729331412,1930
2762.486563554877,1909
2764.254700493272,1864
2766.022484049284,1846
2767.789914523947,1904
2769.5569922183786,1898
2771.3237174337705,1946
2773.090090471394,1899
2774.8561116326036,1921
2776.6217812188274,1945
2778.3870995315756,1895
2780.1520668724356,1889
2781.9166835430747,1912
2783.6809498452394,1905
2785.444866080754,1925
2787.2084325515225,1888
2788.971649559527,1879
2790.73451740683,1942
2792.4970363955713,1838
2794.2592068279705,1922
2796.0210290063264,1859
2797.7825032330147,1909
2799.543629810493,1852
2801.304409041296,1908
2803.0648412280366,1929
2804.8249266734088,1893
2806.5846656801846,1906
2808.344058551212,1847
2810.1031055894246,1970
2811.8618070978273,1967
2813.6201633795085,1927
2815.378174737636,1921
2817.1358414754536,1954
2818.893163896285,1911
2820.6501423035334,1966
2822.4067770006814,1882
2824.1630682912883,1907
2825.9190164789957,1840
2827.6746218675207,1886
2829.429884760661,1948
2831.184805462294,1852
2832.9393842763743,1845
2834.693621506936,1956
2836.4475174580916,1899
2838.201072434034,1818
2839.954286739034,1949
2841.707160677441,1939
2843.459694553685,1954
2845.2118886722724,1956
2846.96374333779,1935
2848.7152588549034,1849
2850.4664355283567,1913
2852.217273662973,1912
2853.9677735636546,1928
2855.7179355353833,1964
2857.4677598832186,1947
2859.217246912299,1856
2860.9663969278427,1876
2862.715210235146,1870
2864.4636871395846,1927
2866.211827946614,1877
2867.9596329617652,1888
2869.7071024906536,1941
2871.4542368389684,1954
2873.20103631248,1904
2874.947501217038,1949
2876.6936318585695,1839
2878.4394285430812,1883
2880.1848915766604,1964
2881.9300212654707,1893
2883.6748179157553,1879
2885.4192818338374,1958
2887.1634133261173,1871
2888.907212699077,1898
2890.6506802592744,1895
2892.393816313348,1946
2894.1366211680142,1944
2895.8790951300693,1911
2897.621238506388,1967
2899.363051603925,1930
2901.1045347297118,1958
2902.8456881908596,1931
2904.58651229456,1889
2906.327007348081,1884
2908.067173658772,1914
2909.8070115340597,1903
2911.5465212814497,1870
2913.285703208527,1860
2915.0245576229563,1877
2916.7630848324807,1871
2918.5012851449196,1944
2920.2391588681758,1883
2921.976706310227,1918
2923.7139277791334,1993
2925.4508235830313,1908
2927.187394030137,1873
2928.923639428745,1857
2930.6595600872306,1853
2932.395156314046,1934
2934.1304284177218,1998
2935.8653767068713,1940
2937.6000014901815,1916
2939.3343030764227,1834
2941.068281774442,1969
2942.8019378931644,1960
2944.5352717415976,1905
2946.2682836288236,1949
2948.0009738640065,1925
2949.7333427563885,1945
2951.465390615289,1937
2953.1971177501086,1961
2954.9285244703265,1957
2956.6596110855,1881
2958.3903779052657,1952
2960.1208252393385,1889
2961.8509533975125,1905
2963.5807626896617,1902
2965.3102534257378,1885
2967.0394259157715,1830
2968.768280469873,1970
2970.496817398232,1936
2972.2250370111146,1909
2973.952939618869,1936
2975.6805255319196,1954
2977.4077950607707,1923
2979.134748516006,1922
2980.861386208289,1907
2982.587708448359,1911
2984.313715547037,1912
2986.039407815222,1893
2987.764785563891,1951
2989.489849104102,1918
2991.2145987469908,1958
2992.9390348037705,1930
2994.6631575857346,1903
2996.3869674042576,1925
2998.1104645707887,1828
2999.83364939686,1855
3001.5565221940783,1940
3003.2790832741334,1843
3005.0013329487924,1914
3006.7232715298996,1825
3008.4448993293804,1885
3010.166216659239,1897
3011.887223831558,1959
3013.607921158498,1860
3015.3283089522993,1888
3017.0483875252826,1937
3018.7681571898443,2011
3020.4876182584626,1863
3022.2067710436927,1973
3023.9256158581707,1911
3025.644153014609,1937
3027.362382825801,1941
3029.0803056046193,1954
3030.797921664012,1898
3032.5152313170106,1921
3034.2322348767225,1946
3035.9489326563353,1953
3037.665324969115,1928
3039.3814121284063,1904
3041.097194447633,1931
3042.812672240299,1914
3044.5278458199855,1907
3046.2427155003525,1968
3047.9572815951406,1911
3049.671544418167,1941
3051.38550428333,1943
3053.0991615046073,2010
3054.812516396051,1942
3056.5255692717974,1900
3058.2383204460575,1949
3059.9507702331257,1946
3061.662918947372,1991
3063.3747669032446,1959
3065.0863144152736,1916
3066.7975617980674,1901
3068.508509366309,1938
3070.219157434767,2035
3071.9295063182844,1972
3073.639556331785,1963
3075.3493077902704,1938
3077.058761008821,1965
3078.7679163025964,1926
3080.476773986837,1927
3082.1853343768594,1964
3083.89359778806,1956
3085.6015645359153,1963
3087.3092349359786,1959
3089.016609303884,1917
3090.7236879553434,1957
3092.4304712061476,1908
3094.136959372166,1949
3095.843152769349,1980
3097.5490517137237,1969
3099.2546565213966,1950
3100.959967508554,1908
3102.66498499146,1981
3104.3697092864577,1968
3106.0741407099695,1954
3107.778279578498,1962
3109.482126208622,1943
3111.1856809170004,1940
3112.8889440203716,1943
3114.5919158355528,2014
3116.294596679439,2032
3117.996986869006,1985
3119.6990867213062,1934
3121.4008965534726,1945
3123.102416682717,2018
3124.803647426329,2002
3126.5045891016784,1982
3128.205242026213,1946
3129.90560651746,1992
3131.605682893025,1936
3133.3054714705922,1939
3135.0049725679282,2008
3136.7041865028714,2050
3138.4031135933465,2062
3140.101754157353,1956
3141.800108512971,1880
3143.498176978357,1967
3145.1959598717494,1998
3146.8934575114636,2017
3148.5906702158954,1887
3150.2875983035183,1918
3151.9842420928853,1949
3153.680601902627,1963
3155.376678051456,1926
3157.07247085816,1850
3158.767980641609,1926
3160.463207720748,1919
3162.158152414606,1921
3163.8528150422862,1924
3165.5471959229726,1949
3167.2412953759303,2027
3168.9351137204976,1953
3170.628651276098,1971
3172.3219083622307,1990
3174.014885298474,1952
3175.707582404485,1979
3177.4000000000005,1942
3179.092138404835,1972
3180.7839979388846,1916
3182.47557892212,2027
3184.166881674594,2003
3185.8579065164386,2027
3187.5486537678626,1986
3189.2391237491547,1965
3190.9293167806827,1930
3192.6192331828934,1976
3194.3088732763117,2005
3195.998237381542,1898
3197.687325819268,2006
3199.376138910251,2002
3201.064676975334,1990
3202.7529403354347,2028
3204.4409293115523,2007
3206.1286442247647,1909
3207.816085396229,1917
3209.5032531471825,1979
3211.190147798936,1904
3212.8767696728846,1876
3214.5631190905015,1876
3216.2491963733373,1955
3217.9350018430214,1869
3219.6205358212637,1930
3221.305798629851,1891
3222.990790590651,1832
3224.6755120256103,1916
3226.359963256751,1871
3228.0441446061795,1904
3229.7280563960758,1894
3231.411698948703,1962
3233.0950725863995,1960
3234.778177631587,1911
3236.461014406761,2000
3238.1435832345005,1982
3239.8258844374595,1969
3241.507918338374,1983
3243.1896852600576,1930
3244.8711855254023,1921
3246.552419457381,1971
3248.233387379042,1881
3249.914089613516,1965
3251.59452648401,1991
3253.274698313813,1950
3254.95460542629,1981
3256.6342481448855,1918
3258.313626793125,1992
3259.9927416946084,1909
3261.6715931730196,1888
3263.3501815521176,1902
3265.0285071557437,1950
3266.706570307815,1939
3268.3843713323286,1903
3270.0619105533615,1897
3271.739188295068,1886
3273.4162048816834,1945
3275.0929606375184,1912
3276.769455886966,2045
3278.445690954498,1946
3280.1216661646613,1947
3281.797381842087,2002
3283.4728383114807,1961
3285.1480358976296,1940
3286.8229749253996,1923
3288.4976557197333,1899
3290.172078605655,1885
3291.846243908266,1929
3293.5201519527463,1913
3295.193803064357,1927
3296.8671975684374,1802
3298.5403357904024,1896
3300.21321805575,1953
3301.8858446900567,1974
3303.558216018975,1917
3305.23033236824,1957
3306.9021940636603,2014
3308.57380143113,1909
3310.2451547966184,2002
3311.916254486174,1948
3313.5871008259246,1986
3315.2576941420766,1988
3316.9280347609147,1953
3318.5981230088046,1981
3320.2679592121895,1896
3321.9375436975924,1946
3323.606876791612,1907
3325.27595882093,1849
3326.944790112305,1956
3328.6133709925753,1917
3330.2817017886573,1845
3331.949782827547,1926
3333.617614436319,1863
3335.2851969421245,1928
3336.952530672199,1972
3338.619615953853,1936
3340.286453114475,1949
3341.9530424815357,1927
3343.619384382583,1989
3345.2854791452437,1911
3346.951327097224,1954
3348.6169285663073,1982
3350.2822838803577,2032
3351.947393367319,1968
3353.61225735521,1960
3355.2768761721345,1995
3356.9412501462693,1977
3358.605379605873,1996
3360.2692648792827,1905
3361.9329062949146,1935
3363.596304181263,1901
