CollectionTime,7/9/2024 4:03:42 PM
ExposureUsed,3
CalibratedSpectrum
-962.7078968117929,408
-959.9714848408522,429
-957.2358232597828,434
-954.5009119013725,440
-951.7667505983302,446
-949.0333391832855,433
-946.3006774887896,447
-943.5687653473143,420
-940.837602591253,440
-938.1071890529199,443
-935.3775245645503,452
-932.6486089583007,430
-929.9204420662485,456
-927.1930237203925,424
-924.4663537526524,451
-921.7404319948689,429
-919.0152582788041,447
-916.2908324361409,481
-913.5671542984834,443
-910.8442236973568,437
-908.1220404642074,434
-905.4006044304027,454
-902.679915427231,436
-899.959973285902,436
-897.2407778375464,434
-894.5223289132158,435
-891.8046263438832,424
-889.0876699604426,428
-886.3714595937089,434
-883.6559950744183,446
-880.9412762332282,414
-878.2273029007168,429
-875.5140749073835,430
-872.8015920836489,443
-870.0898542598545,441
-867.3788612662631,428
-864.6686129330585,431
-861.9591090903457,428
-859.2503495681506,454
-856.5423341964203,448
-853.8350628050229,448
-851.1285352237478,438
-848.4227512823054,450
-845.7177108103272,451
-843.0134136373656,440
-840.3098595928943,430
-837.6070485063082,458
-834.9049802069229,462
-832.2036545239757,438
-829.5030712866244,443
-826.8032303239481,451
-824.1041314649472,445
-821.4057745385428,418
-818.7081593735775,454
-816.0112857988148,465
-813.3151536429393,451
-810.6197627345566,440
-807.9251129021936,443
-805.2312039742981,423
-802.5380357792392,450
-799.8456081453069,467
-797.1539209007124,467
-794.462973873588,461
-791.772766891987,456
-789.083299783884,461
-786.3945723771743,450
-783.7065844996748,470
-781.0193359791231,466
-778.3328266431781,468
-775.6470563194197,450
-772.9620248353489,459
-770.2777320183878,456
-767.5941776958798,463
-764.9113616950891,481
-762.2292838432011,468
-759.5479439673222,461
-756.8673418944801,460
-754.1874774516235,478
-751.5083504656222,457
-748.8299607632671,470
-746.15230817127,476
-743.475392516264,485
-740.7992136248035,475
-738.1237713233636,473
-735.4490654383407,449
-732.7750957960521,472
-730.1018622227365,470
-727.4293645445534,475
-724.7576025875837,489
-722.0865761778291,493
-719.4162851412126,480
-716.7467293035781,458
-714.0779084906909,480
-711.409822528237,478
-708.7424712418238,452
-706.0758544569796,480
-703.4099719991541,461
-700.7448236937178,510
-698.0804093659622,471
-695.4167288411002,502
-692.7537819442656,468
-690.0915685005134,481
-687.4300883348199,462
-684.7693412720819,478
-682.1093271371178,464
-679.4500457546669,504
-676.7914969493897,495
-674.1336805458676,474
-671.4765963686034,496
-668.8202442420206,499
-666.1646239904642,520
-663.5097354382001,493
-660.8555784094151,528
-658.2021527282176,505
-655.5494582186366,500
-652.8974947046223,489
-650.2462620100463,507
-647.5957599587009,506
-644.9459883742998,552
-642.2969470804776,519
-639.6486359007902,489
-637.0010546587141,504
-634.3542031776476,514
-631.7080812809096,504
-629.0626887917401,513
-626.4180255333008,530
-623.7740913286734,514
-621.1308860008619,504
-618.4884093727904,522
-615.8466612673046,524
-613.2056415071715,532
-610.5653499150785,561
-607.9257863136347,530
-605.28695052537,527
-602.6488423727357,529
-600.0114616781036,521
-597.3748082637674,527
-594.7388819519412,532
-592.1036825647604,542
-589.4692099242818,549
-586.8354638524829,529
-584.2024441712624,529
-581.5701507024403,549
-578.9385832677575,513
-576.3077416888759,528
-573.6776257873787,533
-571.0482353847704,527
-568.4195703024757,556
-565.7916303618415,570
-563.164415384135,538
-560.5379251905453,543
-557.9121596021815,530
-555.2871184400748,554
-552.6628015251767,545
-550.0392086783606,525
-547.4163397204204,551
-544.794194472071,548
-542.1727727539491,544
-539.5520743866118,606
-536.9320991905377,582
-534.3128469861261,582
-531.6943175936979,610
-529.0765108334947,605
-526.4594265256793,648
-523.8430644903358,719
-521.2274245474689,838
-518.612506517005,859
-515.9983102187913,854
-513.3848354725959,916
-510.77208209810846,994
-508.16004991493924,1036
-505.5487387426199,1177
-502.9381484006032,1136
-500.3282787082628,1085
-497.71912948489364,964
-495.1107005497117,829
-492.5029917218539,761
-489.8960028203786,719
-487.28973366426493,702
-484.68418407241325,667
-482.07935386364494,660
-479.47524285670266,657
-476.87185087025,634
-474.2691777228715,664
-471.66722323307334,640
-469.0659872192821,644
-466.4654694998459,666
-463.86566989303384,660
-461.26658821703614,710
-458.66822428996414,670
-456.07057792985,659
-453.4736489546475,641
-450.877437182231,683
-448.28194243039627,681
-445.68716451686,639
-443.09310325926003,640
-440.49975847515555,657
-437.9071299820263,664
-435.31521759727354,676
-432.72402113821954,680
-430.13354042210767,731
-427.5437752661022,708
-424.95472548728867,686
-422.36639090267386,663
-419.7787713291855,662
-417.1918665836721,701
-414.60567648290385,706
-412.0202008435715,713
-409.4354394822874,728
-406.8513922155845,722
-404.26805885991723,765
-401.685439231661,689
-399.103533147112,705
-396.522340422488,703
-393.9418608739278,664
-391.3620943174908,688
-388.7830405691583,684
-386.2046994448317,655
-383.6270707603344,654
-381.05015433141045,627
-378.473949973725,609
-375.8984575028645,574
-373.32367673433623,546
-370.74960748356875,530
-368.1762495659117,509
-365.60360279663576,488
-363.03166699093265,472
-360.4604419639154,447
-357.8899275306178,423
-355.32012350599507,412
-352.7510297049233,425
-350.1826459421999,417
-347.61497203254316,421
-345.04800779059235,420
-342.4817530309082,419
-339.91620756797226,429
-337.35137121618743,413
-334.7872437898774,440
-332.22382510328725,427
-329.66111497058273,439
-327.09911320585127,420
-324.53781962310075,452
-321.9772340362607,459
-319.4173562591816,441
-316.8581861056348,427
-314.2997233893127,396
-311.7419679238294,433
-309.1849195227194,411
-306.62857799943856,447
-304.0729431673641,466
-301.51801483979375,477
-298.963792829947,432
-296.41027695096386,462
-293.85746701590574,468
-291.3053628377552,429
-288.7539642294155,438
-286.2032710037115,461
-283.65328297338897,451
-281.1039999511146,470
-278.5554217494762,482
-276.007548180983,458
-273.4603790580651,441
-270.9139141930734,465
-268.3681533982807,453
-265.8230964858798,478
-263.27874326798565,449
-260.7350935566336,481
-258.1921471637804,504
-255.6499039013039,491
-253.10836358100266,476
-250.56752601459698,483
-248.02739101372765,513
-245.48795838995704,524
-242.94922795476816,500
-240.41119951956557,507
-237.8738728956746,513
-235.33724789434166,529
-232.80132432673452,524
-230.2661020039418,484
-227.73158073697357,493
-225.19776033676033,542
-222.66464061415422,587
-220.1322213799284,566
-217.60050244477725,533
-215.06948361931552,534
-212.53916471408013,532
-210.00954553952818,560
-207.48062590603843,520
-204.9524056239104,556
-202.4248845033651,570
-199.8980623545441,569
-197.37193898751036,555
-194.84651421224817,602
-192.32178783866232,599
-189.79775967657952,572
-187.27442953574644,593
-184.7517972258321,557
-182.2298625564256,592
-179.7086253370378,595
-177.18808537710026,586
-174.66824248596583,596
-172.14909647290835,596
-169.6306471471229,645
-167.11289431772548,620
-164.59583779375328,633
-162.07947738416453,607
-159.5638128978386,628
-157.04884414357605,661
-154.53457093009854,758
-152.02099306604828,739
-149.50811035998936,633
-146.99592262040665,605
-144.48442965570587,616
-141.97363127421409,682
-139.46352728417958,781
-136.95411749377126,814
-134.44540171107985,749
-131.93737974411636,686
-129.43005140081357,677
-126.92341648902493,828
-124.41747481652521,979
-121.91222619101006,1116
-119.40767042009657,1477
-116.90380731132257,1849
-114.40063667214702,1695
-111.8981583099503,1341
-109.3963720320337,1120
-106.89527764561933,1201
-104.39487495785067,1426
-101.89516377579241,1668
-99.39614390642998,2005
-96.89781515667039,2294
-94.40017733334128,2657
-91.90323024319173,3055
-89.40697369289148,3798
-86.91140748903172,4457
-84.41653143812482,3947
-81.92234534660395,2705
-79.42884902082358,1893
-76.93604226705907,2832
-74.4439248915071,5546
-71.95249670028534,7390
-69.46175749943245,8558
-66.97170709490854,8021
-64.48234529259423,6556
-61.99367189829195,5263
-59.50568671772464,4803
-57.01838955653636,4401
-54.53178022029283,4086
-52.045858514480074,4440
-49.560624244506016,5671
-47.07607721569923,6095
-44.59221723330904,5816
-42.10904410250669,4837
-39.62655762838392,4225
-37.14475761595372,3772
-34.66364387015028,3513
-32.18321619582866,3932
-29.70347439776515,4520
-27.224418280657005,5318
-24.74604764912317,6505
-22.26836230770266,8293
-19.7913620608565,13506
-17.315046712966478,24117
-14.83941606833514,34265
-12.36446993118659,46778
-9.89020810566592,65040
-7.416630395839093,65040
-4.94373660569363,65040
-2.471526539137585,65040
-6.821210263296962E-13,65040
2.47084320796705,65040
4.941003281093458,65040
7.410480415786196,65040
9.879274808531363,65040
12.347386655893956,65040
14.814816154518212,65040
17.28156350112681,65040
19.74762889252179,65040
22.21301252558385,65040
24.67771459727237,19748
27.141735304626195,3076
29.605074844762612,1691
32.06773341487792,1408
34.52971121224755,1287
36.99100843422559,1213
39.45162527824516,1185
41.91156194181792,1104
44.370818622535126,966
46.82939551806646,942
49.287292826160524,1094
51.74451074464503,1061
54.201049471426245,1027
56.65690920448981,911
59.112090141899785,867
61.56659248179983,783
64.02041642241159,795
66.4735621620365,812
68.92602989905402,761
71.37781983192338,727
73.82893215918205,729
76.27936707944684,767
78.72912479141326,793
81.17820549385567,835
83.62660938562783,874
86.07433666566146,901
88.5213875329681,699
90.96776218663751,709
93.41346082583925,682
95.85848364982041,761
98.30283085790859,758
100.7465026495089,774
103.18949922410604,740
105.63182078126385,702
108.07346752062438,785
110.51443964190923,705
112.95473734491827,645
115.39436082953114,610
117.83331029570547,675
120.27158594347827,694
122.7091879729652,694
125.1461165843615,636
127.58237197794062,659
130.01795435405518,650
132.4528639131364,692
134.88710085569494,714
137.32066538231982,696
139.75355769367923,657
142.1857779905207,629
144.61732647366978,644
147.04820334403132,646
149.47840880258934,675
151.90794305040674,647
154.33680628862487,737
156.76499871846443,847
159.19252054122433,975
161.61937195828352,997
164.04555317109896,1071
166.47106438120693,1147
168.89590579022217,1364
171.320077599839,1375
173.7435800118302,1382
176.16641322804742,1470
178.58857745042144,1506
181.01007288096173,1522
183.43089972175687,1563
185.85105817497413,1534
188.27054844285988,1534
190.6893707277394,1532
193.10752523201643,1651
195.5250121581745,1632
197.9418317087751,1724
200.3579840864594,1630
202.7734694939469,1676
205.18828813403627,1687
207.6024402096051,1758
210.01592592360964,1908
212.42874547908548,1847
214.84089907914665,1836
217.2523869269868,1807
219.66320922587727,1747
222.0733661791695,1781
224.48285799029293,1812
226.8916848627572,1785
229.29984700014882,1854
231.7073446061355,1807
234.11417788446204,1807
236.520347038953,1829
238.92585227351185,1783
241.33069379212054,1869
243.73487179884035,1870
246.1383864978112,1881
248.541238093252,1855
250.9434267894609,1848
253.34495279081432,1821
255.74581630176783,1821
258.1460175268563,1778
260.54555667069314,1896
262.9444339379703,1830
265.3426495334594,1837
267.7402036620107,1989
270.1370965285529,1912
272.53332833809407,1822
274.9288992957214,1883
277.32380960660055,1804
279.718059475976,1824
282.1116491091717,1822
284.5045787115897,1826
286.89684848871195,1817
289.2884586460981,1792
291.67940938938807,1797
294.0697009242996,1773
296.4593334566299,1880
298.84830719225477,1836
301.23662233712923,1767
303.6242790972866,1833
306.01127767884,1731
308.39761828798066,1755
310.78330113097934,1746
313.16832641418534,1766
315.5526943440269,1689
317.9364051270112,1718
320.3194589697242,1690
322.70185607883093,1666
325.0835966610754,1680
327.4646809232805,1706
329.8451090723478,1647
332.2248813152577,1657
334.6039978590701,1704
336.9824589109231,1652
339.36026467803447,1536
341.7374153677,1592
344.113911187295,1591
346.48975234427337,1597
348.8649390461686,1582
351.2394715005918,1603
353.61334991523415,1619
355.9865744978655,1579
358.35914545633375,1569
360.73106299856715,1572
363.10232733257146,1537
365.47293866643247,1535
367.84289720831396,1535
370.2122031664593,1508
372.5808567491905,1560
374.9488581649083,1491
377.31620762209275,1532
379.6829053293021,1560
382.0489514951745,1538
384.4143463284262,1489
386.7790900378528,1488
389.14318283232853,1467
391.50662492080653,1501
393.86941651231916,1531
396.23155781597745,1605
398.5930490409713,1457
400.9538903965696,1476
403.3140820921202,1502
405.6736243370498,1505
408.03251734086336,1476
410.3907613131465,1492
412.74835646356166,1489
415.10530300185144,1542
417.4616011378372,1477
419.81725108141893,1541
422.1722530425758,1505
424.5266072313656,1441
426.880313857925,1472
429.2333731324701,1457
431.58578526529516,1496
433.9375504667738,1505
436.2886689473588,1440
438.63914091758113,1496
440.9889665880513,1430
443.33814616945835,1417
445.68667987257015,1417
448.03456790823395,1446
450.3818104873759,1431
452.72840782100013,1399
455.07436012019105,1508
457.41966759611057,1418
459.7643304600007,1404
462.10834892318155,1420
464.4517231970525,1444
466.79445349309174,1373
469.1365400228566,1399
471.4779829979826,1418
473.81878263018564,1442
476.15893913125876,1448
478.4984527130747,1432
480.8373235875855,1502
483.17555196682144,1442
485.5131380628919,1509
487.8500820879857,1523
490.1863842543697,1634
492.52204477439034,1660
494.8570638604725,1758
497.1914417251204,1847
499.52517858091653,2077
501.85827464052306,2381
504.19073011668036,2677
506.5225452222086,2841
508.85372017000566,2895
511.18425517304956,2887
513.514150444396,2943
515.8434061971808,3558
518.1720226446176,4117
520.4999999999999,4221
522.8273384766991,3800
525.1540382881666,3353
527.480099647932,3070
529.8055227696037,2420
532.1303078668694,1921
534.454455153496,1735
536.777964843328,1603
539.1008371502907,1529
541.4230722883866,1539
543.744670471698,1531
546.0656319143858,1491
548.3859568306899,1457
550.7056454349294,1477
553.0246979415016,1451
555.3431145648834,1481
557.6608955196306,1420
559.978041020377,1410
562.2945512818363,1421
564.6104265188006,1476
566.9256669461412,1526
569.2402727788082,1479
571.5542442318302,1460
573.8675815203156,1436
576.1802848594508,1433
578.4923544645015,1440
580.8037905508126,1455
583.114593333807,1477
585.4247630289875,1496
587.7342998519354,1436
590.0432040183106,1420
592.3514757438526,1447
594.6591152443794,1472
596.9661227357875,1445
599.2724984340531,1490
601.578242555231,1469
603.8833553154542,1470
606.1878369309362,1413
608.4916876179676,1466
610.7949075929192,1459
613.0974970722403,1399
615.3994562724587,1397
617.7007854101818,1393
620.0014847020951,1417
622.3015543649641,1422
624.6009946156324,1410
626.8998056710224,1432
629.1979877481361,1464
631.4955410640538,1472
633.7924658359349,1514
636.0887622810175,1470
638.3844306166192,1496
640.6794710601358,1465
642.9738838290426,1501
645.2676691408932,1440
647.5608272133207,1432
649.853358264037,1503
652.1452625108324,1509
654.4365401715764,1551
656.7271914642178,1481
659.0172166067838,1508
661.3066158173809,1475
663.5953893141935,1503
665.8835373154867,1484
668.1710600396028,1501
670.4579577049639,1469
672.7442305300709,1458
675.0298787335033,1514
677.3149025339197,1442
679.599302150058,1477
681.8830778007342,1489
684.1662297048437,1493
686.4487580813608,1509
688.7306631493387,1484
691.0119451279091,1529
693.2926042362834,1499
695.5726406937516,1515
697.8520547196814,1457
700.1308465335215,1450
702.4090163547982,1498
704.6865644031171,1479
706.9634908981619,1469
709.2397960596965,1465
711.5154801075631,1501
713.7905432616823,1485
716.0649857420548,1491
718.3388077687592,1488
720.612009561953,1457
722.8845913418733,1491
725.1565533288352,1455
727.427895743234,1482
729.6986188055427,1469
731.9687227363137,1501
734.238207756178,1560
736.5070740858458,1496
738.7753219461066,1468
741.0429515578281,1484
743.3099631419569,1498
745.5763569195191,1504
747.8421331116193,1509
750.1072919394409,1469
752.3718336242467,1466
754.6357583873777,1502
756.8990664502545,1529
759.1617580343765,1455
761.423833361321,1494
763.6852926527457,1473
765.9461361303862,1487
768.206364016058,1496
770.4659765316536,1503
772.7249738991469,1465
774.9833563405886,1508
777.2411240781092,1554
779.4982773339183,1538
781.7548163303044,1507
784.010741289634,1529
786.2660524343538,1549
788.5207499869881,1585
790.7748341701416,1598
793.0283052064964,1538
795.2811633188143,1538
797.5334087299362,1553
799.7850416627813,1468
802.0360623403484,1545
804.2864709857143,1549
806.5362678220353,1528
808.7854530725468,1555
811.0340269605625,1557
813.2819897094754,1540
815.5293415427581,1550
817.77608268396,1541
820.0222133567116,1568
822.2677337847211,1569
824.5126441917765,1550
826.7569448017433,1539
829.0006358385675,1587
831.2437175262731,1563
833.4861900889629,1603
835.7280537508192,1560
837.9693087361026,1543
840.2099552691533,1583
842.4499935743896,1559
844.689423876309,1496
846.9282463994886,1501
849.1664613685833,1619
851.4040690083276,1564
853.6410695435349,1521
855.877463199097,1530
858.1132501999847,1554
860.3484307712487,1502
862.5830051380175,1504
864.8169735254988,1568
867.0503361589791,1541
869.2830932638243,1550
871.5152450654786,1533
873.7467917894654,1531
875.9777336613873,1515
878.2080709069252,1603
880.4378037518389,1595
882.666932421968,1571
884.8954571432301,1554
887.1233781416219,1570
889.3506956432192,1601
891.5774098741766,1515
893.803521060728,1549
896.0290294291852,1592
898.2539352059397,1519
900.4782386174619,1526
902.7019398903011,1561
904.925039251085,1620
907.147536926521,1505
909.3694331433943,1563
911.59072812857,1547
913.8114221089921,1523
916.0315153116827,1547
918.2510079637437,1567
920.4699002923547,1553
922.6881925247761,1521
924.905884888345,1478
927.1229776104793,1551
929.3394709186747,1503
931.555365040506,1546
933.7706602036275,1534
935.9853566357709,1565
938.1994545647489,1611
940.4129542184515,1562
942.6258558248488,1567
944.8381596119883,1563
947.0498658079974,1549
949.2609746410825,1492
951.4714863395287,1488
953.6814011316998,1493
955.8907192460387,1510
958.0994409110671,1537
960.3075663553858,1479
962.5150958076741,1501
964.7220294966913,1497
966.928367651274,1511
969.1341105003388,1461
971.3392582728806,1496
973.5438111979742,1472
975.747769504772,1450
977.9511334225061,1482
980.153903180487,1537
982.3560790081052,1450
984.5576611348289,1452
986.7586497902058,1464
988.9590452038618,1422
991.158847605503,1447
993.3580572249133,1408
995.5566742919558,1394
997.7546990365728,1396
999.952131688785,1371
1002.1489724786926,1336
1004.3452216364743,1363
1006.5408793923874,1292
1008.7359459767691,1321
1010.9304216200343,1325
1013.1243065526781,1300
1015.3176010052733,1320
1017.510305208472,1330
1019.7024193930064,1335
1021.8939437896848,1279
1024.0848786293977,1279
1026.2752241431122,1277
1028.4649805618747,1277
1030.6541481168115,1216
1032.842727039127,1310
1035.0307175601051,1293
1037.2181199111074,1243
1039.4049343235752,1192
1041.591161029029,1229
1043.7768002590683,1268
1045.9618522453698,1200
1048.1463172196918,1264
1050.3301954138697,1225
1052.513487059818,1257
1054.69619238953,1206
1056.8783116350783,1210
1059.0598450286152,1241
1061.2407928023704,1216
1063.4211551886528,1205
1065.6009324198508,1224
1067.780124728432,1229
1069.9587323469414,1268
1072.1367555080046,1260
1074.314194444325,1244
1076.4910493886855,1201
1078.667320573947,1266
1080.843008233051,1239
1083.0181125990161,1225
1085.1926339049414,1246
1087.3665723840027,1183
1089.5399282694575,1201
1091.7127017946405,1204
1093.8848931929647,1163
1096.0565026979243,1181
1098.2275305430899,1199
1100.3979769621128,1234
1102.567842188722,1192
1104.737126456726,1189
1106.9058300000124,1203
1109.0739530525475,1202
1111.2414958483764,1184
1113.4084586216231,1215
1115.5748416064907,1168
1117.7406450372605,1199
1119.9058691482942,1163
1122.0705141740304,1198
1124.2345803489884,1194
1126.3980679077658,1225
1128.5609770850388,1161
1130.7233081155623,1136
1132.8850612341707,1135
1135.0462366757774,1157
1137.2068346753745,1167
1139.3668554680326,1173
1141.526299288901,1171
1143.68516637321,1139
1145.8434569562655,1187
1148.001171273455,1204
1150.158309560244,1167
1152.3148720521767,1140
1154.470858984876,1197
1156.626270594044,1177
1158.7811071154629,1180
1160.9353687849912,1202
1163.089055838569,1175
1165.242168512213,1155
1167.3947070420209,1182
1169.5466716641677,1163
1171.6980626149075,1171
1173.8488801305748,1129
1175.9991244475814,1138
1178.1487958024186,1178
1180.2978944316555,1092
1182.4464205719428,1145
1184.5943744600072,1166
1186.7417563326567,1099
1188.8885664267755,1109
1191.0348049793297,1136
1193.1804722273619,1178
1195.325568407995,1137
1197.4700937584303,1155
1199.614048515948,1165
1201.7574329179074,1132
1203.900247201746,1161
1206.042491604982,1150
1208.1841663652099,1115
1210.3252717201053,1174
1212.465807907422,1187
1214.6057751649923,1135
1216.7451737307279,1162
1218.8840038426192,1146
1221.0222657387353,1172
1223.1599596572241,1206
1225.2970858363137,1151
1227.4336445143094,1201
1229.5696359295966,1206
1231.705060320639,1203
1233.8399179259786,1201
1235.9742089842384,1214
1238.107933734118,1165
1240.2410924143974,1184
1242.373685263935,1195
1244.5057125216676,1172
1246.6371744266116,1165
1248.7680712178621,1184
1250.898403134593,1179
1253.028170416058,1154
1255.1573733015875,1211
1257.2860120305932,1190
1259.4140868425648,1237
1261.54159797707,1230
1263.6685456737569,1187
1265.7949301723515,1212
1267.9207517126597,1233
1270.046010534565,1197
1272.1707068780306,1235
1274.2948409830983,1189
1276.4184130898889,1213
1278.541423438603,1243
1280.6638722695184,1188
1282.785759822993,1222
1284.9070863394636,1226
1287.0278520594447,1199
1289.1480572235314,1241
1291.2677020723963,1258
1293.3867868467923,1303
1295.5053117875495,1319
1297.623277135579,1269
1299.740683131868,1305
1301.8575300174857,1288
1303.973818033578,1275
1306.0895474213703,1282
1308.2047184221678,1315
1310.3193312773528,1309
1312.4333862283888,1336
1314.5468835168163,1304
1316.659823384255,1337
1318.7722060724045,1347
1320.8840318230418,1379
1322.9953008780249,1352
1325.1060134792888,1357
1327.2161698688478,1343
1329.3257702887959,1315
1331.4348149813054,1315
1333.5433041886276,1321
1335.6512381530933,1381
1337.7586171171101,1313
1339.8654413231675,1397
1341.9717110138317,1309
1344.0774264317488,1342
1346.1825878196432,1315
1348.2871954203192,1328
1350.3912494766587,1300
1352.4947502316231,1283
1354.5976979282532,1299
1356.7000928096686,1279
1358.8019351190665,1290
1360.9032250997243,1251
1363.0039629949988,1271
1365.1041490483235,1281
1367.2037835032133,1269
1369.3028666032606,1331
1371.401398592137,1271
1373.4993797135926,1312
1375.5968102114575,1224
1377.6936903296396,1282
1379.7900203121262,1248
1381.8858004029835,1276
1383.9810308463561,1242
1386.075711886469,1267
1388.1698437676241,1267
1390.2634267342032,1238
1392.356461030667,1210
1394.4489469015557,1261
1396.5408845914872,1244
1398.6322743451592,1259
1400.7231164073469,1241
1402.813411022907,1228
1404.903158436773,1277
1406.9923588939578,1295
1409.0810126395531,1242
1411.1691199187303,1227
1413.2566809767386,1249
1415.343696058907,1266
1417.4301654106425,1279
1419.5160892774315,1226
1421.6014679048399,1267
1423.6863015385125,1310
1425.7705904241707,1304
1427.8543348076178,1260
1429.9375349347342,1246
1432.0201910514802,1238
1434.102303403894,1268
1436.1838722380944,1282
1438.2648978002767,1291
1440.3453803367174,1289
1442.4253200937692,1271
1444.5047173178677,1344
1446.5835722555234,1321
1448.6618851533285,1291
1450.739656257952,1256
1452.8168858161434,1320
1454.8935740747306,1324
1456.96972128062,1333
1459.045327680797,1322
1461.120393522327,1279
1463.1949190523528,1339
1465.2689045180973,1331
1467.3423501668608,1313
1469.415256246024,1308
1471.4876230030463,1330
1473.559450685465,1335
1475.6307395408976,1387
1477.7014898170391,1367
1479.771701761665,1362
1481.8413756226287,1392
1483.9105116478618,1392
1485.9791100853772,1384
1488.0471711832643,1382
1490.1146951896926,1426
1492.1816823529098,1394
1494.2481329212433,1401
1496.3140471430984,1409
1498.3794252669609,1404
1500.4442675413939,1390
1502.5085742150404,1444
1504.572345536622,1396
1506.6355817549388,1389
1508.6982831188702,1458
1510.7604498773744,1447
1512.8220822794883,1434
1514.8831805743293,1439
1516.9437450110909,1457
1519.003775839048,1433
1521.0632733075522,1421
1523.1222376660367,1487
1525.1806691640113,1423
1527.2385680510652,1497
1529.2959345768668,1456
1531.3527689911643,1499
1533.4090715437833,1547
1535.4648424846291,1518
1537.5200820636855,1506
1539.5747905310159,1564
1541.6289681367616,1507
1543.6826151311434,1581
1545.7357317644614,1619
1547.7883182870937,1603
1549.8403749494987,1574
1551.8919020022113,1597
1553.9428996958477,1668
1555.9933682811015,1662
1558.0433080087469,1716
1560.0927191296346,1697
1562.1416018946961,1748
1564.1899565549415,1773
1566.2377833614592,1812
1568.2850825654164,1776
1570.3318544180606,1809
1572.3780991707158,1764
1574.423817074788,1734
1576.4690083817595,1771
1578.5136733431923,1711
1580.5578122107272,1659
1582.601425236085,1634
1584.6445126710646,1618
1586.6870747675434,1598
1588.7291117774776,1567
1590.7706239529034,1541
1592.8116115459347,1508
1594.8520748087658,1484
1596.8920139936686,1477
1598.9314293529933,1475
1600.9703211391711,1400
1603.008689604711,1415
1605.0465350022005,1411
1607.0838575843068,1423
1609.1206576037753,1434
1611.1569353134305,1352
1613.1926909661765,1389
1615.2279248149953,1316
1617.2626371129481,1256
1619.2968281131757,1313
1621.3304980688963,1291
1623.3636472334088,1297
1625.39627586009,1223
1627.428384202396,1241
1629.459972513861,1237
1631.4910410480993,1282
1633.5215900588028,1232
1635.551619799744,1219
1637.5811305247717,1231
1639.6101224878166,1210
1641.6385959428862,1209
1643.6665511440683,1238
1645.693988345528,1214
1647.7209078015112,1237
1649.7473097663405,1159
1651.7731944944203,1206
1653.7985622402307,1202
1655.823413258333,1225
1657.847747803366,1181
1659.8715661300494,1189
1661.8948684931793,1191
1663.9176551476316,1147
1665.9399263483624,1203
1667.9616823504057,1157
1669.982923408873,1181
1672.0036497789574,1186
1674.0238617159293,1226
1676.043559475138,1199
1678.0627433120121,1170
1680.081413482059,1107
1682.0995702408654,1120
1684.117213844096,1132
1686.134344547495,1127
1688.1509626068864,1132
1690.1670682781705,1157
1692.182661817329,1133
1694.1977434804217,1130
1696.2123135235875,1177
1698.226372203043,1178
1700.2399197750851,1189
1702.2529564960905,1134
1704.2654826225112,1172
1706.277498410882,1136
1708.2890041178139,1144
1710.2999999999988,1156
1712.3104863142066,1206
1714.3204633172854,1160
1716.329931266163,1148
1718.3388904178469,1148
1720.3473410294214,1203
1722.3552833580516,1113
1724.3627176609807,1202
1726.3696441955308,1135
1728.3760632191033,1137
1730.3819749891782,1096
1732.3873797633146,1191
1734.3922777991502,1133
1736.3966693544012,1162
1738.4005546868639,1166
1740.4039340544127,1139
1742.406807715001,1140
1744.4091759266616,1117
1746.4110389475054,1111
1748.4123970357223,1139
1750.413250449582,1129
1752.4135994474318,1161
1754.4134442876993,1161
1756.4127852288902,1118
1758.4116225295893,1137
1760.4099564484595,1120
1762.407787244244,1175
1764.405115175764,1105
1766.4019405019203,1121
1768.3982634816916,1134
1770.3940843741357,1133
1772.3894034383907,1137
1774.3842209336717,1144
1776.378537119274,1113
1778.372352254571,1109
1780.3656665990156,1118
1782.3584804121397,1168
1784.3507939535534,1113
1786.3426074829463,1130
1788.3339212600863,1158
1790.3247355448211,1116
1792.3150505970766,1169
1794.3048666768573,1146
1796.2941840442477,1081
1798.2830029594106,1172
1800.2713236825884,1096
1802.2591464741004,1181
1804.2464715943465,1098
1806.2332993038058,1153
1808.2196298630352,1120
1810.2054635326708,1166
1812.190800573428,1185
1814.175641246101,1131
1816.1599858115628,1156
1818.1438345307652,1122
1820.127187664738,1153
1822.1100454745924,1123
1824.092408221516,1126
1826.0742761667766,1077
1828.055649571721,1142
1830.0365286977735,1113
1832.0169138064398,1156
1833.9968051593014,1183
1835.9762030180214,1193
1837.9551076443408,1113
1839.9335193000788,1122
1841.9114382471344,1106
1843.888864747485,1129
1845.8657990631878,1129
1847.842241456378,1108
1849.8181921892697,1138
1851.7936515241558,1127
1853.7686197234098,1137
1855.7430970494815,1170
1857.7170837649014,1130
1859.6905801322787,1086
1861.6635864143004,1161
1863.6361028737338,1127
1865.608129773424,1144
1867.5796673762961,1177
1869.5507159453537,1158
1871.521275743678,1177
1873.4913470344313,1119
1875.4609300808534,1154
1877.4300251462632,1166
1879.3986324940588,1118
1881.366752387717,1148
1883.3343850907936,1150
1885.3015308669228,1159
1887.268189979819,1174
1889.2343626932739,1179
1891.2000492711595,1185
1893.1652499774254,1153
1895.1299650761011,1174
1897.0941948312952,1088
1899.0579395071945,1145
1901.0211993680641,1180
1902.98397467825,1174
1904.9462657021745,1149
1906.9080727043415,1151
1908.869395949332,1157
1910.8302357018065,1135
1912.790592226504,1160
1914.7504657882428,1165
1916.7098566519212,1137
1918.6687650825133,1239
1920.6271913450764,1144
1922.5851357047422,1119
1924.5425984267245,1129
1926.499579776314,1097
1928.4560800188833,1153
1930.4120994198802,1166
1932.367638244833,1196
1934.32269675935,1159
1936.2772752291175,1163
1938.231373919899,1148
1940.1849930975404,1143
1942.1381330279637,1184
1944.0907939771696,1153
1946.0429762112412,1112
1947.9946799963363,1114
1949.9459055986945,1108
1951.896653284633,1168
1953.8469233205478,1135
1955.7967159729142,1145
1957.7460315082863,1152
1959.6948701932974,1159
1961.6432322946594,1112
1963.5911180791632,1152
1965.5385278136787,1111
1967.4854617651545,1127
1969.4319202006182,1144
1971.377903387176,1136
1973.3234115920136,1132
1975.268445082395,1122
1977.2130041256642,1144
1979.1570889892423,1171
1981.1006999406304,1145
1983.04383724741,1156
1984.986501177238,1124
1986.928691997853,1178
1988.8704099770712,1151
1990.811655382789,1127
1992.7524284829801,1084
1994.692729545698,1155
1996.6325588390755,1179
1998.5719166313224,1134
2000.5108031907307,1156
2002.4492187856677,1159
2004.387163684583,1120
2006.3246381560011,1127
2008.2616424685298,1148
2010.1981768908527,1186
2012.1342416917332,1145
2014.069837140014,1152
2016.0049635046162,1066
2017.9396210545406,1191
2019.8738100588666,1117
2021.8075307867502,1110
2023.740783507431,1136
2025.6735684902228,1137
2027.6058860045214,1167
2029.5377363198004,1152
2031.4691197056118,1221
2033.4000364315875,1114
2035.3304867674374,1108
2037.260470982952,1151
2039.189989347998,1141
2041.1190421325232,1111
2043.047629606554,1079
2044.9757520401945,1102
2046.9034097036288,1146
2048.8306028671195,1113
2050.7573318010086,1087
2052.683596775716,1132
2054.609398061742,1102
2056.5347359296647,1086
2058.4596106501403,1096
2060.384022493906,1114
2062.3079717317764,1089
2064.231458634646,1083
2066.1544834734873,1089
2068.077046519352,1124
2069.99914804337,1097
2071.9207883167524,1155
2073.8419676107865,1137
2075.7626861968406,1146
2077.6829443463607,1120
2079.6027423308715,1118
2081.522080421977,1114
2083.440958891362,1115
2085.359378010786,1111
2087.2773380520907,1148
2089.194839287196,1120
2091.111881988101,1119
2093.0284664268825,1120
2094.9445928756973,1123
2096.86026160678,1126
2098.775472892446,1087
2100.690227005088,1113
2102.604524217178,1118
2104.5183648012676,1110
2106.431749029985,1156
2108.34467717604,1095
2110.2571495122206,1131
2112.169166311393,1128
2114.080727846503,1129
2115.9918343905747,1099
2117.902486216711,1159
2119.8126835980956,1132
2121.722426807987,1167
2123.6317161197285,1209
2125.5405518067364,1183
2127.448934142509,1113
2129.356863400624,1114
2131.264339854737,1127
2133.1713637785815,1173
2135.077935445972,1160
2136.9840551308002,1089
2138.889723107037,1176
2140.7949396487334,1155
2142.699705030018,1114
2144.6040195250994,1126
2146.507883408264,1163
2148.4112969538774,1112
2150.3142604363848,1143
2152.2167741303097,1176
2154.1188383102535,1101
2156.0204532508997,1163
2157.9216192270064,1166
2159.822336513414,1168
2161.7226053850413,1145
2163.622426116884,1129
2165.5217989840185,1199
2167.4207242616,1157
2169.319202224862,1197
2171.2172331491165,1164
2173.1148173097563,1139
2175.0119549822507,1138
2176.90864644215,1136
2178.8048919650823,1153
2180.7006918267534,1184
2182.596046302952,1201
2184.4909556695407,1178
2186.3854202024645,1128
2188.279440177746,1171
2190.173015871487,1127
2192.066147559868,1122
2193.958835519149,1168
2195.851080025667,1190
2197.7428813558417,1143
2199.6342397861667,1217
2201.5251555932186,1211
2203.415629053651,1176
2205.3056604441986,1180
2207.19525004167,1193
2209.084398122958,1169
2210.9731049650327,1163
2212.861370844941,1191
2214.749196039812,1163
2216.636580826851,1183
2218.523525483344,1217
2220.410030286655,1205
2222.296095514226,1228
2224.1817214435805,1186
2226.066908352319,1155
2227.951656518121,1200
2229.835966218746,1164
2231.71983773203,1205
2233.6032713358913,1217
2235.486267308324,1175
2237.3688259274036,1173
2239.2509474712824,1158
2241.132632218193,1201
2243.013880446447,1206
2244.8946924344323,1214
2246.7750684606203,1225
2248.6550088035574,1156
2250.534513741871,1210
2252.413583554265,1192
2254.292218519526,1161
2256.170418916517,1156
2258.0481850241786,1165
2259.925517121534,1150
2261.8024154876825,1166
2263.678880401803,1224
2265.5549121431536,1175
2267.430510991071,1205
2269.305677224971,1179
2271.180411124348,1183
2273.0547129687766,1215
2274.9285830379076,1175
2276.8020216114737,1175
2278.6750289692845,1198
2280.5476053912294,1166
2282.4197511572766,1196
2284.2914665474727,1261
2286.162751841943,1231
2288.0336073208937,1192
2289.904033264608,1202
2291.774029953448,1173
2293.6435976678554,1204
2295.5127366883517,1182
2297.381447295534,1171
2299.2497297700825,1123
2301.1175843927526,1164
2302.9850114443825,1127
2304.852011205885,1054
2306.7185839582553,1048
2308.5847299825664,1080
2310.4504495599676,1109
2312.3157429716925,1105
2314.1806104990483,1049
2316.0450524234247,1020
2317.9090690262888,1032
2319.772660589186,1057
2321.635827393742,1053
2323.498569721661,1044
2325.3608878547248,1063
2327.2227820747967,1068
2329.0842526638157,1048
2330.945299903803,1029
2332.805924076857,1050
2334.6661254651535,1009
2336.525904350951,1069
2338.3852610165827,1043
2340.244195744464,1063
2342.102708817088,1048
2343.9608005170253,1080
2345.8184711269287,1049
2347.675720929526,1042
2349.532550207628,1069
2351.38895924412,1026
2353.24494832197,1052
2355.100517724223,1025
2356.955667734004,1088
2358.810398634514,1113
2360.664710709037,1036
2362.5186042409337,1076
2364.3720795136437,1105
2366.225136810686,1024
2368.0777764156583,1062
2369.929998612237,1041
2371.7818036841777,1050
2373.633191915315,1069
2375.484163589562,1089
2377.3347189909114,1095
2379.184858403434,1056
2381.03458211128,1046
2382.8838903986775,1052
2384.732783549936,1103
2386.5812618494406,1062
2388.4293255816588,1045
2390.2769750311327,1088
2392.1242104824883,1045
2393.971032220427,1067
2395.8174405297295,1035
2397.6634356952563,1096
2399.509018001947,1051
2401.3541877348193,1032
2403.1989451789705,1071
2405.043290619576,1087
2406.8872243418905,1064
2408.730746631247,1054
2410.5738577730594,1036
2412.4165580528183,1041
2414.258847756095,1073
2416.100727168537,1080
2417.9421965758734,1075
2419.783256263912,1043
2421.623906518538,1063
2423.4641476257157,1073
2425.303979871491,1120
2427.143403541984,1097
2428.9824189233977,1090
2430.821026302012,1040
2432.6592259641866,1076
2434.497018196361,1105
2436.33440328505,1038
2438.171381516851,1066
2440.00795317844,1087
2441.844118556569,1080
2443.6798779380724,1082
2445.5152316098606,1072
2447.3501798589255,1077
2449.1847229723357,1045
2451.0188612372403,1092
2452.8525949408663,1032
2454.6859243705203,1085
2456.518849813587,1080
2458.3513715575314,1067
2460.183489889895,1058
2462.015205098301,1084
2463.8465174704493,1078
2465.67742729412,1092
2467.5079348571717,1122
2469.338040447542,1070
2471.1677443532476,1106
2472.9970468623833,1075
2474.825948263123,1078
2476.6544488437207,1041
2478.482548892508,1115
2480.310248697896,1072
2482.137548548374,1048
2483.9644487325118,1037
2485.790949538956,1075
2487.617051256433,1079
2489.44275417375,1065
2491.26805857979,1019
2493.0929647635157,1098
2494.917473013971,1108
2496.741583620276,1037
2498.5652968716304,1104
2500.3886130573137,1079
2502.2115324666834,1081
2504.0340553891765,1084
2505.856182114308,1087
2507.6779129316733,1055
2509.499248130945,1102
2511.3201880018764,1090
2513.140732834298,1121
2514.9608829181198,1069
2516.780638543331,1091
2518.6,1027
2520.418967578273,1047
2522.237541568376,1053
2524.0557222606144,1085
2525.8735099453706,1064
2527.6909049131086,1102
2529.507907454368,1110
2531.32451785977,1050
2533.140736420014,1133
2534.9565634258774,1103
2536.771999168218,1105
2538.5870439379714,1097
2540.4016980261526,1101
2542.2159617238544,1053
2544.02983532225,1084
2545.8433191125914,1107
2547.656413386209,1106
2549.4691184345115,1114
2551.2814345489874,1063
2553.093362021204,1056
2554.904901142808,1110
2556.716052205523,1109
2558.526815501153,1129
2560.3371913215824,1130
2562.147179958771,1067
2563.956781704761,1164
2565.7659968516705,1146
2567.5748256916986,1114
2569.3832685171224,1083
2571.1913256202984,1150
2572.9989972936614,1103
2574.806283829725,1130
2576.613185521084,1160
2578.4197026604074,1141
2580.2258355404483,1176
2582.031584454035,1111
2583.836949694077,1122
2585.6419315535613,1112
2587.4465303255533,1166
2589.2507463032002,1166
2591.0545797797245,1162
2592.8580310484303,1154
2594.6611004026995,1131
2596.463788135992,1119
2598.266094541849,1189
2600.0680199138874,1185
2601.869564545807,1137
2603.670728731383,1131
2605.4715127644704,1087
2607.2719169390048,1169
2609.071941548998,1158
2610.8715868885433,1138
2612.670853251811,1143
2614.469740933052,1167
2616.268250226594,1142
2618.0663814268455,1192
2619.864134828292,1160
2621.6615107255006,1177
2623.458509413115,1097
2625.2551311858597,1136
2627.0513763385347,1119
2628.8472451660223,1176
2630.6427379632833,1110
2632.4378550253564,1190
2634.232596647359,1100
2636.026963124488,1167
2637.8209547520187,1161
2639.6145718253065,1108
2641.407814639785,1152
2643.200683490966,1102
2644.9931786744414,1119
2646.7853004858807,1155
2648.577049221034,1183
2650.3684251757277,1173
2652.1594286458712,1139
2653.9500599274484,1148
2655.740319316525,1093
2657.5302071092437,1105
2659.3197236018286,1116
2661.10886909058,1112
2662.8976438718782,1133
2664.686048242183,1123
2666.4740824980327,1110
2668.2617469360443,1150
2670.0490418529134,1090
2671.8359675454153,1099
2673.622524310403,1182
2675.408712444811,1106
2677.1945322456495,1093
2678.979984010009,1111
2680.76506803506,1090
2682.5497846180497,1076
2684.334134056306,1134
2686.1181166472343,1120
2687.9017326883213,1055
2689.6849824771293,1084
2691.4678663113013,1037
2693.2503844885596,1137
2695.032537306705,1081
2696.8143250636167,1072
2698.5957480572542,1080
2700.3768065856534,1017
2702.1575009469316,1098
2703.937831439283,1105
2705.717798360982,1079
2707.4974020103837,1053
2709.276642685917,1094
2711.055520686095,1024
2712.834036309506,1100
2714.612189854819,1053
2716.389981620782,1033
2718.1674119062204,1028
2719.944481010041,1021
2721.721189231226,1060
2723.4975368688415,1038
2725.273524222027,1036
2727.0491515900053,1045
2728.824419272075,1063
2730.5993275676146,1078
2732.3738767760838,1067
2734.148067197016,1081
2735.921899130031,1086
2737.6953728748194,1026
2739.468488731156,1049
2741.2412469988926,1020
2743.0136479779617,1016
2744.785691968372,1069
2746.5573792702116,1028
2748.3287101836504,1061
2750.099685008934,1040
2751.870304046388,1048
2753.640567596418,1010
2755.4104759595057,1054
2757.1800294362156,1046
2758.949228327187,1031
2760.7180729331412,1013
2762.486563554877,1064
2764.254700493272,1088
2766.022484049284,1056
2767.789914523947,1084
2769.5569922183786,1061
2771.3237174337705,1018
2773.090090471394,1045
2774.8561116326036,1034
2776.6217812188274,1063
2778.3870995315756,1055
2780.1520668724356,1031
2781.9166835430747,1020
2783.6809498452394,1037
2785.444866080754,1048
2787.2084325515225,1086
2788.971649559527,1101
2790.73451740683,1060
2792.4970363955713,1004
2794.2592068279705,1037
2796.0210290063264,1042
2797.7825032330147,1100
2799.543629810493,1088
2801.304409041296,1005
2803.0648412280366,1089
2804.8249266734088,1021
2806.5846656801846,1021
2808.344058551212,1025
2810.1031055894246,1046
2811.8618070978273,1063
2813.6201633795085,1034
2815.378174737636,1012
2817.1358414754536,1074
2818.893163896285,1039
2820.6501423035334,1029
2822.4067770006814,1025
2824.1630682912883,1039
2825.9190164789957,1038
2827.6746218675207,1019
2829.429884760661,1038
2831.184805462294,1073
2832.9393842763743,1041
2834.693621506936,1046
2836.4475174580916,1009
2838.201072434034,1046
2839.954286739034,1083
2841.707160677441,1120
2843.459694553685,1049
2845.2118886722724,1006
2846.96374333779,1064
2848.7152588549034,1008
2850.4664355283567,1085
2852.217273662973,1095
2853.9677735636546,1113
2855.7179355353833,1069
2857.4677598832186,1077
2859.217246912299,1043
2860.9663969278427,1025
2862.715210235146,1023
2864.4636871395846,1076
2866.211827946614,1076
2867.9596329617652,1036
2869.7071024906536,1070
2871.4542368389684,1057
2873.20103631248,1031
2874.947501217038,1069
2876.6936318585695,1013
2878.4394285430812,1032
2880.1848915766604,1038
2881.9300212654707,1039
2883.6748179157553,1040
2885.4192818338374,1049
2887.1634133261173,1058
2888.907212699077,1071
2890.6506802592744,1070
2892.393816313348,1034
2894.1366211680142,1000
2895.8790951300693,1054
2897.621238506388,992
2899.363051603925,1046
2901.1045347297118,1041
2902.8456881908596,1049
2904.58651229456,1097
2906.327007348081,1030
2908.067173658772,1060
2909.8070115340597,1018
2911.5465212814497,1005
2913.285703208527,1045
2915.0245576229563,1032
2916.7630848324807,1059
2918.5012851449196,1045
2920.2391588681758,1037
2921.976706310227,1035
2923.7139277791334,1031
2925.4508235830313,1032
2927.187394030137,984
2928.923639428745,1020
2930.6595600872306,1072
2932.395156314046,1082
2934.1304284177218,1098
2935.8653767068713,1106
2937.6000014901815,1058
2939.3343030764227,1069
2941.068281774442,1057
2942.8019378931644,1060
2944.5352717415976,1061
2946.2682836288236,1037
2948.0009738640065,1061
2949.7333427563885,1010
2951.465390615289,1017
2953.1971177501086,1040
2954.9285244703265,1042
2956.6596110855,1071
2958.3903779052657,1056
2960.1208252393385,1010
2961.8509533975125,1062
2963.5807626896617,1064
2965.3102534257378,1011
2967.0394259157715,1016
2968.768280469873,1092
2970.496817398232,1037
2972.2250370111146,1085
2973.952939618869,1058
2975.6805255319196,1071
2977.4077950607707,1022
2979.134748516006,1017
2980.861386208289,1042
2982.587708448359,1060
2984.313715547037,1030
2986.039407815222,999
2987.764785563891,1013
2989.489849104102,1030
2991.2145987469908,1009
2992.9390348037705,1038
2994.6631575857346,1025
2996.3869674042576,996
2998.1104645707887,1026
2999.83364939686,1047
3001.5565221940783,1079
3003.2790832741334,1058
3005.0013329487924,1039
3006.7232715298996,1052
3008.4448993293804,1031
3010.166216659239,1010
3011.887223831558,1011
3013.607921158498,960
3015.3283089522993,1043
3017.0483875252826,1028
3018.7681571898443,1035
3020.4876182584626,1059
3022.2067710436927,1033
3023.9256158581707,988
3025.644153014609,1013
3027.362382825801,1036
3029.0803056046193,1009
3030.797921664012,1017
3032.5152313170106,1021
3034.2322348767225,1037
3035.9489326563353,1001
3037.665324969115,1009
3039.3814121284063,1039
3041.097194447633,1008
3042.812672240299,1029
3044.5278458199855,1002
3046.2427155003525,1037
3047.9572815951406,1035
3049.671544418167,1041
3051.38550428333,1047
3053.0991615046073,972
3054.812516396051,999
3056.5255692717974,1000
3058.2383204460575,1017
3059.9507702331257,1023
3061.662918947372,1059
3063.3747669032446,1035
3065.0863144152736,1040
3066.7975617980674,1034
3068.508509366309,1020
3070.219157434767,1037
3071.9295063182844,981
3073.639556331785,1036
3075.3493077902704,1020
3077.058761008821,1041
3078.7679163025964,1087
3080.476773986837,1042
3082.1853343768594,1076
3083.89359778806,1046
3085.6015645359153,1026
3087.3092349359786,988
3089.016609303884,1077
3090.7236879553434,1020
3092.4304712061476,1007
3094.136959372166,1048
3095.843152769349,1045
3097.5490517137237,1008
3099.2546565213966,1047
3100.959967508554,1007
3102.66498499146,1023
3104.3697092864577,1034
3106.0741407099695,1021
3107.778279578498,999
3109.482126208622,1059
3111.1856809170004,1016
3112.8889440203716,1008
3114.5919158355528,1040
3116.294596679439,1050
3117.996986869006,1018
3119.6990867213062,1052
3121.4008965534726,1048
3123.102416682717,1039
3124.803647426329,1028
3126.5045891016784,1004
3128.205242026213,1007
3129.90560651746,1019
3131.605682893025,1033
3133.3054714705922,1029
3135.0049725679282,1071
3136.7041865028714,997
3138.4031135933465,1037
3140.101754157353,1038
3141.800108512971,1034
3143.498176978357,1008
3145.1959598717494,1087
3146.8934575114636,1024
3148.5906702158954,1045
3150.2875983035183,1022
3151.9842420928853,992
3153.680601902627,1012
3155.376678051456,1016
3157.07247085816,988
3158.767980641609,1104
3160.463207720748,1063
3162.158152414606,1071
3163.8528150422862,1040
3165.5471959229726,1058
3167.2412953759303,1090
3168.9351137204976,1041
3170.628651276098,1015
3172.3219083622307,1015
3174.014885298474,984
3175.707582404485,1019
3177.4000000000005,1024
3179.092138404835,1040
3180.7839979388846,1019
3182.47557892212,1033
3184.166881674594,1003
3185.8579065164386,1019
3187.5486537678626,1076
3189.2391237491547,1080
3190.9293167806827,1027
3192.6192331828934,1040
3194.3088732763117,1022
3195.998237381542,1048
3197.687325819268,962
3199.376138910251,1063
3201.064676975334,1065
3202.7529403354347,1055
3204.4409293115523,1067
3206.1286442247647,1020
3207.816085396229,993
3209.5032531471825,1018
3211.190147798936,988
3212.8767696728846,1017
3214.5631190905015,968
3216.2491963733373,1038
3217.9350018430214,988
3219.6205358212637,1027
3221.305798629851,980
3222.990790590651,996
3224.6755120256103,958
3226.359963256751,1001
3228.0441446061795,975
3229.7280563960758,1013
3231.411698948703,1079
3233.0950725863995,1025
3234.778177631587,1016
3236.461014406761,1009
3238.1435832345005,1015
3239.8258844374595,1012
3241.507918338374,1020
3243.1896852600576,1024
3244.8711855254023,1033
3246.552419457381,1023
3248.233387379042,1020
3249.914089613516,1028
3251.59452648401,1012
3253.274698313813,1042
3254.95460542629,991
3256.6342481448855,1029
3258.313626793125,1026
3259.9927416946084,1005
3261.6715931730196,979
3263.3501815521176,1034
3265.0285071557437,1018
3266.706570307815,1032
3268.3843713323286,1042
3270.0619105533615,1002
3271.739188295068,956
3273.4162048816834,989
3275.0929606375184,999
3276.769455886966,1007
3278.445690954498,1035
3280.1216661646613,1031
3281.797381842087,1039
3283.4728383114807,1020
3285.1480358976296,1080
3286.8229749253996,1036
3288.4976557197333,992
3290.172078605655,1017
3291.846243908266,984
3293.5201519527463,1034
3295.193803064357,984
3296.8671975684374,995
3298.5403357904024,1023
3300.21321805575,1016
3301.8858446900567,1049
3303.558216018975,1005
3305.23033236824,1016
3306.9021940636603,1045
3308.57380143113,1030
3310.2451547966184,1004
3311.916254486174,1030
3313.5871008259246,982
3315.2576941420766,1004
3316.9280347609147,1021
3318.5981230088046,999
3320.2679592121895,973
3321.9375436975924,1025
3323.606876791612,999
3325.27595882093,992
3326.944790112305,984
3328.6133709925753,1015
3330.2817017886573,989
3331.949782827547,1009
3333.617614436319,1012
3335.2851969421245,977
3336.952530672199,998
3338.619615953853,1036
3340.286453114475,1035
3341.9530424815357,1002
3343.619384382583,1035
3345.2854791452437,1037
3346.951327097224,964
3348.6169285663073,1037
3350.2822838803577,998
3351.947393367319,1026
3353.61225735521,1048
3355.2768761721345,1018
3356.9412501462693,1009
3358.605379605873,979
3360.2692648792827,992
3361.9329062949146,977
3363.596304181263,1010
