CollectionTime,9/25/2024 11:44:38 AM
ExposureUsed,3
CalibratedSpectrum
-962.7078968117929,580
-959.9714848408522,601
-957.2358232597828,573
-954.5009119013725,618
-951.7667505983302,610
-949.0333391832855,614
-946.3006774887896,638
-943.5687653473143,609
-940.837602591253,631
-938.1071890529199,604
-935.3775245645503,626
-932.6486089583007,609
-929.9204420662485,609
-927.1930237203925,645
-924.4663537526524,595
-921.7404319948689,587
-919.0152582788041,618
-916.2908324361409,621
-913.5671542984834,612
-910.8442236973568,619
-908.1220404642074,587
-905.4006044304027,618
-902.679915427231,582
-899.959973285902,601
-897.2407778375464,628
-894.5223289132158,632
-891.8046263438832,614
-889.0876699604426,601
-886.3714595937089,580
-883.6559950744183,611
-880.9412762332282,612
-878.2273029007168,598
-875.5140749073835,572
-872.8015920836489,609
-870.0898542598545,589
-867.3788612662631,602
-864.6686129330585,670
-861.9591090903457,629
-859.2503495681506,598
-856.5423341964203,591
-853.8350628050229,585
-851.1285352237478,597
-848.4227512823054,619
-845.7177108103272,581
-843.0134136373656,606
-840.3098595928943,621
-837.6070485063082,626
-834.9049802069229,612
-832.2036545239757,620
-829.5030712866244,657
-826.8032303239481,644
-824.1041314649472,609
-821.4057745385428,597
-818.7081593735775,585
-816.0112857988148,638
-813.3151536429393,664
-810.6197627345566,652
-807.9251129021936,618
-805.2312039742981,597
-802.5380357792392,620
-799.8456081453069,612
-797.1539209007124,638
-794.462973873588,623
-791.772766891987,643
-789.083299783884,665
-786.3945723771743,681
-783.7065844996748,670
-781.0193359791231,636
-778.3328266431781,682
-775.6470563194197,676
-772.9620248353489,636
-770.2777320183878,621
-767.5941776958798,602
-764.9113616950891,606
-762.2292838432011,671
-759.5479439673222,645
-756.8673418944801,671
-754.1874774516235,665
-751.5083504656222,633
-748.8299607632671,609
-746.15230817127,604
-743.475392516264,678
-740.7992136248035,630
-738.1237713233636,650
-735.4490654383407,659
-732.7750957960521,637
-730.1018622227365,659
-727.4293645445534,671
-724.7576025875837,664
-722.0865761778291,643
-719.4162851412126,677
-716.7467293035781,674
-714.0779084906909,680
-711.409822528237,686
-708.7424712418238,688
-706.0758544569796,667
-703.4099719991541,703
-700.7448236937178,721
-698.0804093659622,663
-695.4167288411002,689
-692.7537819442656,648
-690.0915685005134,724
-687.4300883348199,692
-684.7693412720819,669
-682.1093271371178,645
-679.4500457546669,697
-676.7914969493897,670
-674.1336805458676,668
-671.4765963686034,681
-668.8202442420206,727
-666.1646239904642,709
-663.5097354382001,675
-660.8555784094151,654
-658.2021527282176,689
-655.5494582186366,678
-652.8974947046223,687
-650.2462620100463,707
-647.5957599587009,722
-644.9459883742998,748
-642.2969470804776,729
-639.6486359007902,733
-637.0010546587141,699
-634.3542031776476,734
-631.7080812809096,712
-629.0626887917401,715
-626.4180255333008,710
-623.7740913286734,697
-621.1308860008619,755
-618.4884093727904,764
-615.8466612673046,724
-613.2056415071715,710
-610.5653499150785,715
-607.9257863136347,755
-605.28695052537,739
-602.6488423727357,734
-600.0114616781036,753
-597.3748082637674,761
-594.7388819519412,742
-592.1036825647604,767
-589.4692099242818,715
-586.8354638524829,748
-584.2024441712624,716
-581.5701507024403,753
-578.9385832677575,768
-576.3077416888759,779
-573.6776257873787,770
-571.0482353847704,729
-568.4195703024757,752
-565.7916303618415,761
-563.164415384135,765
-560.5379251905453,748
-557.9121596021815,765
-555.2871184400748,764
-552.6628015251767,759
-550.0392086783606,776
-547.4163397204204,794
-544.794194472071,776
-542.1727727539491,765
-539.5520743866118,789
-536.9320991905377,768
-534.3128469861261,825
-531.6943175936979,807
-529.0765108334947,886
-526.4594265256793,947
-523.8430644903358,1070
-521.2274245474689,1114
-518.612506517005,1148
-515.9983102187913,1230
-513.3848354725959,1217
-510.77208209810846,1304
-508.16004991493924,1381
-505.5487387426199,1504
-502.9381484006032,1535
-500.3282787082628,1477
-497.71912948489364,1414
-495.1107005497117,1305
-492.5029917218539,1170
-489.8960028203786,1104
-487.28973366426493,1028
-484.68418407241325,962
-482.07935386364494,947
-479.47524285670266,912
-476.87185087025,920
-474.2691777228715,917
-471.66722323307334,938
-469.0659872192821,933
-466.4654694998459,922
-463.86566989303384,899
-461.26658821703614,967
-458.66822428996414,906
-456.07057792985,922
-453.4736489546475,935
-450.877437182231,949
-448.28194243039627,922
-445.68716451686,915
-443.09310325926003,887
-440.49975847515555,892
-437.9071299820263,889
-435.31521759727354,914
-432.72402113821954,877
-430.13354042210767,949
-427.5437752661022,929
-424.95472548728867,922
-422.36639090267386,942
-419.7787713291855,949
-417.1918665836721,969
-414.60567648290385,1007
-412.0202008435715,961
-409.4354394822874,951
-406.8513922155845,992
-404.26805885991723,948
-401.685439231661,966
-399.103533147112,981
-396.522340422488,938
-393.9418608739278,942
-391.3620943174908,940
-388.7830405691583,897
-386.2046994448317,893
-383.6270707603344,838
-381.05015433141045,865
-378.473949973725,791
-375.8984575028645,716
-373.32367673433623,717
-370.74960748356875,675
-368.1762495659117,620
-365.60360279663576,571
-363.03166699093265,550
-360.4604419639154,532
-357.8899275306178,535
-355.32012350599507,518
-352.7510297049233,513
-350.1826459421999,464
-347.61497203254316,449
-345.04800779059235,464
-342.4817530309082,440
-339.91620756797226,470
-337.35137121618743,459
-334.7872437898774,462
-332.22382510328725,455
-329.66111497058273,461
-327.09911320585127,494
-324.53781962310075,479
-321.9772340362607,473
-319.4173562591816,467
-316.8581861056348,469
-314.2997233893127,452
-311.7419679238294,466
-309.1849195227194,483
-306.62857799943856,469
-304.0729431673641,476
-301.51801483979375,476
-298.963792829947,487
-296.41027695096386,500
-293.85746701590574,531
-291.3053628377552,563
-288.7539642294155,531
-286.2032710037115,510
-283.65328297338897,530
-281.1039999511146,542
-278.5554217494762,600
-276.007548180983,610
-273.4603790580651,588
-270.9139141930734,594
-268.3681533982807,632
-265.8230964858798,587
-263.27874326798565,591
-260.7350935566336,621
-258.1921471637804,660
-255.6499039013039,665
-253.10836358100266,597
-250.56752601459698,608
-248.02739101372765,632
-245.48795838995704,725
-242.94922795476816,693
-240.41119951956557,655
-237.8738728956746,601
-235.33724789434166,655
-232.80132432673452,638
-230.2661020039418,615
-227.73158073697357,648
-225.19776033676033,742
-222.66464061415422,856
-220.1322213799284,737
-217.60050244477725,651
-215.06948361931552,682
-212.53916471408013,764
-210.00954553952818,846
-207.48062590603843,782
-204.9524056239104,705
-202.4248845033651,742
-199.8980623545441,803
-197.37193898751036,815
-194.84651421224817,781
-192.32178783866232,725
-189.79775967657952,746
-187.27442953574644,862
-184.7517972258321,801
-182.2298625564256,710
-179.7086253370378,695
-177.18808537710026,732
-174.66824248596583,954
-172.14909647290835,941
-169.6306471471229,877
-167.11289431772548,787
-164.59583779375328,740
-162.07947738416453,846
-159.5638128978386,955
-157.04884414357605,1098
-154.53457093009854,1163
-152.02099306604828,1085
-149.50811035998936,980
-146.99592262040665,929
-144.48442965570587,1023
-141.97363127421409,1256
-139.46352728417958,1408
-136.95411749377126,1427
-134.44540171107985,1310
-131.93737974411636,1005
-129.43005140081357,1053
-126.92341648902493,1377
-124.41747481652521,1768
-121.91222619101006,2252
-119.40767042009657,2906
-116.90380731132257,3045
-114.40063667214702,2922
-111.8981583099503,2522
-109.3963720320337,2487
-106.89527764561933,2569
-104.39487495785067,2861
-101.89516377579241,4246
-99.39614390642998,6098
-96.89781515667039,7534
-94.40017733334128,8018
-91.90323024319173,7625
-89.40697369289148,5991
-86.91140748903172,4520
-84.41653143812482,3824
-81.92234534660395,3615
-79.42884902082358,4318
-76.93604226705907,4673
-74.4439248915071,5545
-71.95249670028534,6360
-69.46175749943245,7162
-66.97170709490854,8200
-64.48234529259423,8981
-61.99367189829195,8710
-59.50568671772464,7589
-57.01838955653636,7133
-54.53178022029283,7499
-52.045858514480074,6681
-49.560624244506016,7068
-47.07607721569923,6633
-44.59221723330904,7573
-42.10904410250669,6914
-39.62655762838392,9247
-37.14475761595372,11742
-34.66364387015028,12731
-32.18321619582866,13877
-29.70347439776515,17419
-27.224418280657005,19914
-24.74604764912317,22139
-22.26836230770266,35659
-19.7913620608565,65041
-17.315046712966478,65041
-14.83941606833514,65041
-12.36446993118659,65041
-9.89020810566592,65041
-7.416630395839093,65041
-4.94373660569363,65041
-2.471526539137585,65041
-6.821210263296962E-13,65041
2.47084320796705,65041
4.941003281093458,65041
7.410480415786196,65041
9.879274808531363,65041
12.347386655893956,65041
14.814816154518212,65041
17.28156350112681,65041
19.74762889252179,65041
22.21301252558385,21845
24.67771459727237,4456
27.141735304626195,2829
29.605074844762612,3168
32.06773341487792,2934
34.52971121224755,2868
36.99100843422559,2332
39.45162527824516,2219
41.91156194181792,2640
44.370818622535126,2110
46.82939551806646,1834
49.287292826160524,2409
51.74451074464503,2502
54.201049471426245,2656
56.65690920448981,1971
59.112090141899785,1606
61.56659248179983,1865
64.02041642241159,1653
66.4735621620365,1638
68.92602989905402,1813
71.37781983192338,2052
73.82893215918205,2086
76.27936707944684,1752
78.72912479141326,1503
81.17820549385567,1457
83.62660938562783,1262
86.07433666566146,1250
88.5213875329681,1707
90.96776218663751,1483
93.41346082583925,1290
95.85848364982041,1182
98.30283085790859,1106
100.7465026495089,1205
103.18949922410604,1289
105.63182078126385,1408
108.07346752062438,1243
110.51443964190923,1133
112.95473734491827,1060
115.39436082953114,854
117.83331029570547,1084
120.27158594347827,1270
122.7091879729652,1294
125.1461165843615,1147
127.58237197794062,1063
130.01795435405518,1044
132.4528639131364,957
134.88710085569494,1085
137.32066538231982,1129
139.75355769367923,1020
142.1857779905207,908
144.61732647366978,886
147.04820334403132,917
149.47840880258934,999
151.90794305040674,1021
154.33680628862487,1075
156.76499871846443,1101
159.19252054122433,1240
161.61937195828352,1370
164.04555317109896,1459
166.47106438120693,1565
168.89590579022217,1713
171.320077599839,1837
173.7435800118302,1799
176.16641322804742,1889
178.58857745042144,1949
181.01007288096173,1982
183.43089972175687,1940
185.85105817497413,2093
188.27054844285988,2052
190.6893707277394,2180
193.10752523201643,2172
195.5250121581745,2187
197.9418317087751,2283
200.3579840864594,2262
202.7734694939469,2299
205.18828813403627,2396
207.6024402096051,2338
210.01592592360964,2307
212.42874547908548,2342
214.84089907914665,2386
217.2523869269868,2239
219.66320922587727,2302
222.0733661791695,2452
224.48285799029293,2381
226.8916848627572,2372
229.29984700014882,2433
231.7073446061355,2440
234.11417788446204,2400
236.520347038953,2451
238.92585227351185,2392
241.33069379212054,2407
243.73487179884035,2488
246.1383864978112,2531
248.541238093252,2473
250.9434267894609,2500
253.34495279081432,2551
255.74581630176783,2511
258.1460175268563,2636
260.54555667069314,2638
262.9444339379703,2605
265.3426495334594,2583
267.7402036620107,2540
270.1370965285529,2536
272.53332833809407,2444
274.9288992957214,2408
277.32380960660055,2378
279.718059475976,2364
282.1116491091717,2369
284.5045787115897,2281
286.89684848871195,2320
289.2884586460981,2345
291.67940938938807,2319
294.0697009242996,2393
296.4593334566299,2438
298.84830719225477,2341
301.23662233712923,2314
303.6242790972866,2256
306.01127767884,2326
308.39761828798066,2283
310.78330113097934,2269
313.16832641418534,2259
315.5526943440269,2198
317.9364051270112,2153
320.3194589697242,2185
322.70185607883093,2180
325.0835966610754,2069
327.4646809232805,2244
329.8451090723478,2045
332.2248813152577,2054
334.6039978590701,2059
336.9824589109231,2030
339.36026467803447,1950
341.7374153677,1968
344.113911187295,2014
346.48975234427337,2004
348.8649390461686,2034
351.2394715005918,2029
353.61334991523415,1986
355.9865744978655,2034
358.35914545633375,1991
360.73106299856715,1962
363.10232733257146,2013
365.47293866643247,1983
367.84289720831396,2079
370.2122031664593,2047
372.5808567491905,2035
374.9488581649083,2031
377.31620762209275,1929
379.6829053293021,1981
382.0489514951745,1957
384.4143463284262,1882
386.7790900378528,1934
389.14318283232853,1931
391.50662492080653,1913
393.86941651231916,1933
396.23155781597745,1976
398.5930490409713,2041
400.9538903965696,1893
403.3140820921202,1926
405.6736243370498,1907
408.03251734086336,1826
410.3907613131465,1856
412.74835646356166,1952
415.10530300185144,1922
417.4616011378372,1935
419.81725108141893,1858
422.1722530425758,1893
424.5266072313656,1945
426.880313857925,1891
429.2333731324701,1839
431.58578526529516,1898
433.9375504667738,1922
436.2886689473588,1839
438.63914091758113,1925
440.9889665880513,1904
443.33814616945835,1895
445.68667987257015,1839
448.03456790823395,1791
450.3818104873759,1885
452.72840782100013,1767
455.07436012019105,1804
457.41966759611057,1896
459.7643304600007,1815
462.10834892318155,1833
464.4517231970525,1802
466.79445349309174,1842
469.1365400228566,1847
471.4779829979826,1814
473.81878263018564,1878
476.15893913125876,1843
478.4984527130747,1912
480.8373235875855,1962
483.17555196682144,1997
485.5131380628919,1930
487.8500820879857,1959
490.1863842543697,2159
492.52204477439034,2228
494.8570638604725,2282
497.1914417251204,2498
499.52517858091653,2757
501.85827464052306,3032
504.19073011668036,3270
506.5225452222086,3388
508.85372017000566,3359
511.18425517304956,3397
513.514150444396,3541
515.8434061971808,4363
518.1720226446176,5286
520.4999999999999,5356
522.8273384766991,5006
525.1540382881666,4744
527.480099647932,4269
529.8055227696037,3439
532.1303078668694,2660
534.454455153496,2219
536.777964843328,2037
539.1008371502907,1971
541.4230722883866,1907
543.744670471698,1929
546.0656319143858,1924
548.3859568306899,1848
550.7056454349294,1768
553.0246979415016,1862
555.3431145648834,1819
557.6608955196306,1883
559.978041020377,1840
562.2945512818363,1908
564.6104265188006,1921
566.9256669461412,1850
569.2402727788082,1800
571.5542442318302,1842
573.8675815203156,1838
576.1802848594508,1823
578.4923544645015,1881
580.8037905508126,1906
583.114593333807,1874
585.4247630289875,1863
587.7342998519354,1798
590.0432040183106,1884
592.3514757438526,1799
594.6591152443794,1875
596.9661227357875,1865
599.2724984340531,1814
601.578242555231,1866
603.8833553154542,1908
606.1878369309362,1851
608.4916876179676,1832
610.7949075929192,1823
613.0974970722403,1855
615.3994562724587,1751
617.7007854101818,1920
620.0014847020951,1824
622.3015543649641,1872
624.6009946156324,1854
626.8998056710224,1861
629.1979877481361,1875
631.4955410640538,1891
633.7924658359349,1874
636.0887622810175,1951
638.3844306166192,1875
640.6794710601358,1841
642.9738838290426,1844
645.2676691408932,1896
647.5608272133207,1936
649.853358264037,1918
652.1452625108324,1940
654.4365401715764,1898
656.7271914642178,1937
659.0172166067838,1932
661.3066158173809,1924
663.5953893141935,1887
665.8835373154867,1906
668.1710600396028,1881
670.4579577049639,1874
672.7442305300709,1937
675.0298787335033,1968
677.3149025339197,1992
679.599302150058,1908
681.8830778007342,1847
684.1662297048437,1856
686.4487580813608,1944
688.7306631493387,1981
691.0119451279091,1917
693.2926042362834,1897
695.5726406937516,1945
697.8520547196814,1942
700.1308465335215,1935
702.4090163547982,1928
704.6865644031171,1913
706.9634908981619,1953
709.2397960596965,1950
711.5154801075631,1936
713.7905432616823,1929
716.0649857420548,1950
718.3388077687592,1933
720.612009561953,1886
722.8845913418733,1905
725.1565533288352,1911
727.427895743234,1872
729.6986188055427,1870
731.9687227363137,1848
734.238207756178,1970
736.5070740858458,1933
738.7753219461066,1863
741.0429515578281,1887
743.3099631419569,1904
745.5763569195191,1920
747.8421331116193,1881
750.1072919394409,1913
752.3718336242467,1945
754.6357583873777,1927
756.8990664502545,1931
759.1617580343765,1910
761.423833361321,1942
763.6852926527457,1953
765.9461361303862,1960
768.206364016058,1920
770.4659765316536,1939
772.7249738991469,1960
774.9833563405886,1975
777.2411240781092,1998
779.4982773339183,1997
781.7548163303044,1889
784.010741289634,1929
786.2660524343538,2018
788.5207499869881,1957
790.7748341701416,2015
793.0283052064964,1959
795.2811633188143,2000
797.5334087299362,1924
799.7850416627813,1927
802.0360623403484,1924
804.2864709857143,1974
806.5362678220353,1925
808.7854530725468,2032
811.0340269605625,1966
813.2819897094754,2024
815.5293415427581,1950
817.77608268396,1942
820.0222133567116,2001
822.2677337847211,1908
824.5126441917765,2024
826.7569448017433,1968
829.0006358385675,1899
831.2437175262731,1951
833.4861900889629,1996
835.7280537508192,1919
837.9693087361026,1951
840.2099552691533,1869
842.4499935743896,2010
844.689423876309,1941
846.9282463994886,2000
849.1664613685833,1996
851.4040690083276,1944
853.6410695435349,2007
855.877463199097,1972
858.1132501999847,2023
860.3484307712487,1995
862.5830051380175,2049
864.8169735254988,2041
867.0503361589791,2053
869.2830932638243,2035
871.5152450654786,1952
873.7467917894654,1984
875.9777336613873,1930
878.2080709069252,1967
880.4378037518389,2050
882.666932421968,1928
884.8954571432301,1944
887.1233781416219,2024
889.3506956432192,2048
891.5774098741766,2022
893.803521060728,1991
896.0290294291852,2016
898.2539352059397,1971
900.4782386174619,2002
902.7019398903011,1939
904.925039251085,2003
907.147536926521,1913
909.3694331433943,1950
911.59072812857,2036
913.8114221089921,1983
916.0315153116827,2009
918.2510079637437,1970
920.4699002923547,1961
922.6881925247761,1888
924.905884888345,2003
927.1229776104793,1975
929.3394709186747,1984
931.555365040506,1999
933.7706602036275,2022
935.9853566357709,2004
938.1994545647489,1987
940.4129542184515,2006
942.6258558248488,2008
944.8381596119883,2009
947.0498658079974,1997
949.2609746410825,1989
951.4714863395287,2027
953.6814011316998,2002
955.8907192460387,1955
958.0994409110671,2001
960.3075663553858,2037
962.5150958076741,2013
964.7220294966913,1953
966.928367651274,2012
969.1341105003388,2006
971.3392582728806,1961
973.5438111979742,2038
975.747769504772,1910
977.9511334225061,1928
980.153903180487,1946
982.3560790081052,1978
984.5576611348289,1927
986.7586497902058,1961
988.9590452038618,1927
991.158847605503,1841
993.3580572249133,1834
995.5566742919558,1868
997.7546990365728,1822
999.952131688785,1848
1002.1489724786926,1889
1004.3452216364743,1832
1006.5408793923874,1784
1008.7359459767691,1777
1010.9304216200343,1752
1013.1243065526781,1763
1015.3176010052733,1824
1017.510305208472,1683
1019.7024193930064,1790
1021.8939437896848,1726
1024.0848786293977,1684
1026.2752241431122,1752
1028.4649805618747,1739
1030.6541481168115,1702
1032.842727039127,1677
1035.0307175601051,1768
1037.2181199111074,1707
1039.4049343235752,1647
1041.591161029029,1738
1043.7768002590683,1704
1045.9618522453698,1685
1048.1463172196918,1797
1050.3301954138697,1689
1052.513487059818,1712
1054.69619238953,1761
1056.8783116350783,1705
1059.0598450286152,1673
1061.2407928023704,1657
1063.4211551886528,1783
1065.6009324198508,1716
1067.780124728432,1725
1069.9587323469414,1612
1072.1367555080046,1736
1074.314194444325,1676
1076.4910493886855,1754
1078.667320573947,1730
1080.843008233051,1675
1083.0181125990161,1692
1085.1926339049414,1706
1087.3665723840027,1658
1089.5399282694575,1624
1091.7127017946405,1718
1093.8848931929647,1666
1096.0565026979243,1637
1098.2275305430899,1630
1100.3979769621128,1615
1102.567842188722,1648
1104.737126456726,1644
1106.9058300000124,1656
1109.0739530525475,1672
1111.2414958483764,1585
1113.4084586216231,1610
1115.5748416064907,1633
1117.7406450372605,1721
1119.9058691482942,1656
1122.0705141740304,1697
1124.2345803489884,1591
1126.3980679077658,1673
1128.5609770850388,1666
1130.7233081155623,1593
1132.8850612341707,1628
1135.0462366757774,1665
1137.2068346753745,1640
1139.3668554680326,1657
1141.526299288901,1704
1143.68516637321,1659
1145.8434569562655,1604
1148.001171273455,1680
1150.158309560244,1617
1152.3148720521767,1625
1154.470858984876,1661
1156.626270594044,1668
1158.7811071154629,1643
1160.9353687849912,1717
1163.089055838569,1635
1165.242168512213,1648
1167.3947070420209,1673
1169.5466716641677,1621
1171.6980626149075,1597
1173.8488801305748,1680
1175.9991244475814,1682
1178.1487958024186,1659
1180.2978944316555,1660
1182.4464205719428,1668
1184.5943744600072,1648
1186.7417563326567,1655
1188.8885664267755,1614
1191.0348049793297,1602
1193.1804722273619,1584
1195.325568407995,1683
1197.4700937584303,1605
1199.614048515948,1634
1201.7574329179074,1669
1203.900247201746,1703
1206.042491604982,1719
1208.1841663652099,1631
1210.3252717201053,1610
1212.465807907422,1687
1214.6057751649923,1678
1216.7451737307279,1697
1218.8840038426192,1653
1221.0222657387353,1673
1223.1599596572241,1672
1225.2970858363137,1719
1227.4336445143094,1736
1229.5696359295966,1699
1231.705060320639,1728
1233.8399179259786,1759
1235.9742089842384,1740
1238.107933734118,1714
1240.2410924143974,1709
1242.373685263935,1706
1244.5057125216676,1714
1246.6371744266116,1780
1248.7680712178621,1753
1250.898403134593,1732
1253.028170416058,1706
1255.1573733015875,1725
1257.2860120305932,1769
1259.4140868425648,1767
1261.54159797707,1705
1263.6685456737569,1790
1265.7949301723515,1766
1267.9207517126597,1836
1270.046010534565,1781
1272.1707068780306,1778
1274.2948409830983,1840
1276.4184130898889,1784
1278.541423438603,1860
1280.6638722695184,1833
1282.785759822993,1726
1284.9070863394636,1774
1287.0278520594447,1801
1289.1480572235314,1878
1291.2677020723963,1822
1293.3867868467923,1866
1295.5053117875495,1885
1297.623277135579,1864
1299.740683131868,1934
1301.8575300174857,1841
1303.973818033578,1917
1306.0895474213703,1908
1308.2047184221678,1918
1310.3193312773528,1957
1312.4333862283888,1999
1314.5468835168163,1935
1316.659823384255,1938
1318.7722060724045,2004
1320.8840318230418,2045
1322.9953008780249,1938
1325.1060134792888,1979
1327.2161698688478,2032
1329.3257702887959,1961
1331.4348149813054,2015
1333.5433041886276,1948
1335.6512381530933,1959
1337.7586171171101,1916
1339.8654413231675,1907
1341.9717110138317,1949
1344.0774264317488,1945
1346.1825878196432,1956
1348.2871954203192,2001
1350.3912494766587,1915
1352.4947502316231,1936
1354.5976979282532,1951
1356.7000928096686,1886
1358.8019351190665,1856
1360.9032250997243,1868
1363.0039629949988,1913
1365.1041490483235,1926
1367.2037835032133,1916
1369.3028666032606,1886
1371.401398592137,1893
1373.4993797135926,1853
1375.5968102114575,1915
1377.6936903296396,1854
1379.7900203121262,1835
1381.8858004029835,1936
1383.9810308463561,1890
1386.075711886469,1916
1388.1698437676241,1925
1390.2634267342032,1881
1392.356461030667,1934
1394.4489469015557,1881
1396.5408845914872,1897
1398.6322743451592,1854
1400.7231164073469,1876
1402.813411022907,1865
1404.903158436773,1846
1406.9923588939578,1864
1409.0810126395531,1848
1411.1691199187303,1848
1413.2566809767386,1913
1415.343696058907,1934
1417.4301654106425,1885
1419.5160892774315,1866
1421.6014679048399,1921
1423.6863015385125,1971
1425.7705904241707,1913
1427.8543348076178,1936
1429.9375349347342,1872
1432.0201910514802,1933
1434.102303403894,1921
1436.1838722380944,1930
1438.2648978002767,1945
1440.3453803367174,1954
1442.4253200937692,1934
1444.5047173178677,1952
1446.5835722555234,2036
1448.6618851533285,2058
1450.739656257952,1989
1452.8168858161434,2018
1454.8935740747306,1979
1456.96972128062,2036
1459.045327680797,1993
1461.120393522327,2070
1463.1949190523528,2130
1465.2689045180973,2143
1467.3423501668608,2189
1469.415256246024,2129
1471.4876230030463,2195
1473.559450685465,2246
1475.6307395408976,2183
1477.7014898170391,2178
1479.771701761665,2240
1481.8413756226287,2265
1483.9105116478618,2257
1485.9791100853772,2282
1488.0471711832643,2281
1490.1146951896926,2278
1492.1816823529098,2289
1494.2481329212433,2286
1496.3140471430984,2291
1498.3794252669609,2395
1500.4442675413939,2362
1502.5085742150404,2364
1504.572345536622,2409
1506.6355817549388,2427
1508.6982831188702,2354
1510.7604498773744,2369
1512.8220822794883,2374
1514.8831805743293,2416
1516.9437450110909,2431
1519.003775839048,2506
1521.0632733075522,2459
1523.1222376660367,2579
1525.1806691640113,2551
1527.2385680510652,2479
1529.2959345768668,2581
1531.3527689911643,2582
1533.4090715437833,2524
1535.4648424846291,2603
1537.5200820636855,2638
1539.5747905310159,2673
1541.6289681367616,2611
1543.6826151311434,2682
1545.7357317644614,2890
1547.7883182870937,2851
1549.8403749494987,2902
1551.8919020022113,2718
1553.9428996958477,2934
1555.9933682811015,2886
1558.0433080087469,2975
1560.0927191296346,3050
1562.1416018946961,3009
1564.1899565549415,3094
1566.2377833614592,3034
1568.2850825654164,3161
1570.3318544180606,3007
1572.3780991707158,3003
1574.423817074788,3093
1576.4690083817595,2895
1578.5136733431923,2736
1580.5578122107272,2712
1582.601425236085,2675
1584.6445126710646,2629
1586.6870747675434,2563
1588.7291117774776,2511
1590.7706239529034,2596
1592.8116115459347,2457
1594.8520748087658,2395
1596.8920139936686,2339
1598.9314293529933,2308
1600.9703211391711,2275
1603.008689604711,2140
1605.0465350022005,2148
1607.0838575843068,2143
1609.1206576037753,2072
1611.1569353134305,2110
1613.1926909661765,2130
1615.2279248149953,2011
1617.2626371129481,2000
1619.2968281131757,2024
1621.3304980688963,1946
1623.3636472334088,1854
1625.39627586009,1929
1627.428384202396,1943
1629.459972513861,1884
1631.4910410480993,1847
1633.5215900588028,1860
1635.551619799744,1850
1637.5811305247717,1854
1639.6101224878166,1882
1641.6385959428862,1848
1643.6665511440683,1795
1645.693988345528,1834
1647.7209078015112,1834
1649.7473097663405,1777
1651.7731944944203,1822
1653.7985622402307,1844
1655.823413258333,1780
1657.847747803366,1742
1659.8715661300494,1761
1661.8948684931793,1785
1663.9176551476316,1799
1665.9399263483624,1797
1667.9616823504057,1846
1669.982923408873,1796
1672.0036497789574,1771
1674.0238617159293,1734
1676.043559475138,1727
1678.0627433120121,1819
1680.081413482059,1749
1682.0995702408654,1730
1684.117213844096,1724
1686.134344547495,1744
1688.1509626068864,1719
1690.1670682781705,1771
1692.182661817329,1740
1694.1977434804217,1713
1696.2123135235875,1786
1698.226372203043,1817
1700.2399197750851,1787
1702.2529564960905,1748
1704.2654826225112,1757
1706.277498410882,1752
1708.2890041178139,1723
1710.2999999999988,1796
1712.3104863142066,1734
1714.3204633172854,1744
1716.329931266163,1696
1718.3388904178469,1712
1720.3473410294214,1791
1722.3552833580516,1748
1724.3627176609807,1733
1726.3696441955308,1722
1728.3760632191033,1802
1730.3819749891782,1740
1732.3873797633146,1768
1734.3922777991502,1694
1736.3966693544012,1760
1738.4005546868639,1797
1740.4039340544127,1726
1742.406807715001,1715
1744.4091759266616,1727
1746.4110389475054,1715
1748.4123970357223,1748
1750.413250449582,1780
1752.4135994474318,1732
1754.4134442876993,1706
1756.4127852288902,1689
1758.4116225295893,1749
1760.4099564484595,1724
1762.407787244244,1706
1764.405115175764,1641
1766.4019405019203,1800
1768.3982634816916,1730
1770.3940843741357,1686
1772.3894034383907,1698
1774.3842209336717,1693
1776.378537119274,1721
1778.372352254571,1771
1780.3656665990156,1674
1782.3584804121397,1749
1784.3507939535534,1746
1786.3426074829463,1729
1788.3339212600863,1661
1790.3247355448211,1689
1792.3150505970766,1650
1794.3048666768573,1704
1796.2941840442477,1730
1798.2830029594106,1737
1800.2713236825884,1719
1802.2591464741004,1725
1804.2464715943465,1757
1806.2332993038058,1749
1808.2196298630352,1670
1810.2054635326708,1685
1812.190800573428,1691
1814.175641246101,1653
1816.1599858115628,1703
1818.1438345307652,1723
1820.127187664738,1683
1822.1100454745924,1650
1824.092408221516,1711
1826.0742761667766,1716
1828.055649571721,1702
1830.0365286977735,1709
1832.0169138064398,1726
1833.9968051593014,1741
1835.9762030180214,1722
1837.9551076443408,1675
1839.9335193000788,1726
1841.9114382471344,1693
1843.888864747485,1633
1845.8657990631878,1689
1847.842241456378,1681
1849.8181921892697,1719
1851.7936515241558,1709
1853.7686197234098,1656
1855.7430970494815,1690
1857.7170837649014,1702
1859.6905801322787,1659
1861.6635864143004,1664
1863.6361028737338,1660
1865.608129773424,1774
1867.5796673762961,1687
1869.5507159453537,1659
1871.521275743678,1752
1873.4913470344313,1650
1875.4609300808534,1721
1877.4300251462632,1721
1879.3986324940588,1721
1881.366752387717,1687
1883.3343850907936,1723
1885.3015308669228,1734
1887.268189979819,1699
1889.2343626932739,1792
1891.2000492711595,1768
1893.1652499774254,1697
1895.1299650761011,1737
1897.0941948312952,1740
1899.0579395071945,1744
1901.0211993680641,1745
1902.98397467825,1749
1904.9462657021745,1695
1906.9080727043415,1783
1908.869395949332,1741
1910.8302357018065,1728
1912.790592226504,1746
1914.7504657882428,1715
1916.7098566519212,1691
1918.6687650825133,1719
1920.6271913450764,1718
1922.5851357047422,1709
1924.5425984267245,1691
1926.499579776314,1658
1928.4560800188833,1719
1930.4120994198802,1692
1932.367638244833,1789
1934.32269675935,1713
1936.2772752291175,1746
1938.231373919899,1749
1940.1849930975404,1782
1942.1381330279637,1761
1944.0907939771696,1746
1946.0429762112412,1678
1947.9946799963363,1705
1949.9459055986945,1677
1951.896653284633,1690
1953.8469233205478,1737
1955.7967159729142,1688
1957.7460315082863,1698
1959.6948701932974,1692
1961.6432322946594,1745
1963.5911180791632,1766
1965.5385278136787,1793
1967.4854617651545,1709
1969.4319202006182,1719
1971.377903387176,1662
1973.3234115920136,1761
1975.268445082395,1791
1977.2130041256642,1721
1979.1570889892423,1722
1981.1006999406304,1691
1983.04383724741,1731
1984.986501177238,1760
1986.928691997853,1725
1988.8704099770712,1685
1990.811655382789,1735
1992.7524284829801,1776
1994.692729545698,1692
1996.6325588390755,1673
1998.5719166313224,1699
2000.5108031907307,1776
2002.4492187856677,1700
2004.387163684583,1716
2006.3246381560011,1683
2008.2616424685298,1629
2010.1981768908527,1687
2012.1342416917332,1704
2014.069837140014,1691
2016.0049635046162,1764
2017.9396210545406,1689
2019.8738100588666,1710
2021.8075307867502,1711
2023.740783507431,1672
2025.6735684902228,1698
2027.6058860045214,1702
2029.5377363198004,1643
2031.4691197056118,1678
2033.4000364315875,1621
2035.3304867674374,1730
2037.260470982952,1632
2039.189989347998,1705
2041.1190421325232,1717
2043.047629606554,1700
2044.9757520401945,1729
2046.9034097036288,1731
2048.8306028671195,1711
2050.7573318010086,1656
2052.683596775716,1720
2054.609398061742,1688
2056.5347359296647,1724
2058.4596106501403,1705
2060.384022493906,1754
2062.3079717317764,1733
2064.231458634646,1760
2066.1544834734873,1723
2068.077046519352,1713
2069.99914804337,1681
2071.9207883167524,1712
2073.8419676107865,1722
2075.7626861968406,1700
2077.6829443463607,1665
2079.6027423308715,1730
2081.522080421977,1707
2083.440958891362,1732
2085.359378010786,1709
2087.2773380520907,1734
2089.194839287196,1694
2091.111881988101,1698
2093.0284664268825,1732
2094.9445928756973,1769
2096.86026160678,1697
2098.775472892446,1754
2100.690227005088,1775
2102.604524217178,1729
2104.5183648012676,1668
2106.431749029985,1737
2108.34467717604,1755
2110.2571495122206,1721
2112.169166311393,1691
2114.080727846503,1713
2115.9918343905747,1653
2117.902486216711,1703
2119.8126835980956,1752
2121.722426807987,1716
2123.6317161197285,1739
2125.5405518067364,1765
2127.448934142509,1717
2129.356863400624,1734
2131.264339854737,1723
2133.1713637785815,1714
2135.077935445972,1752
2136.9840551308002,1718
2138.889723107037,1739
2140.7949396487334,1728
2142.699705030018,1741
2144.6040195250994,1703
2146.507883408264,1708
2148.4112969538774,1798
2150.3142604363848,1731
2152.2167741303097,1679
2154.1188383102535,1754
2156.0204532508997,1747
2157.9216192270064,1699
2159.822336513414,1676
2161.7226053850413,1741
2163.622426116884,1736
2165.5217989840185,1776
2167.4207242616,1689
2169.319202224862,1745
2171.2172331491165,1701
2173.1148173097563,1733
2175.0119549822507,1719
2176.90864644215,1739
2178.8048919650823,1760
2180.7006918267534,1773
2182.596046302952,1725
2184.4909556695407,1718
2186.3854202024645,1768
2188.279440177746,1704
2190.173015871487,1738
2192.066147559868,1724
2193.958835519149,1731
2195.851080025667,1708
2197.7428813558417,1771
2199.6342397861667,1736
2201.5251555932186,1725
2203.415629053651,1742
2205.3056604441986,1717
2207.19525004167,1766
2209.084398122958,1755
2210.9731049650327,1789
2212.861370844941,1817
2214.749196039812,1784
2216.636580826851,1787
2218.523525483344,1804
2220.410030286655,1800
2222.296095514226,1746
2224.1817214435805,1785
2226.066908352319,1732
2227.951656518121,1758
2229.835966218746,1821
2231.71983773203,1779
2233.6032713358913,1769
2235.486267308324,1803
2237.3688259274036,1874
2239.2509474712824,1769
2241.132632218193,1783
2243.013880446447,1767
2244.8946924344323,1767
2246.7750684606203,1748
2248.6550088035574,1780
2250.534513741871,1776
2252.413583554265,1760
2254.292218519526,1819
2256.170418916517,1776
2258.0481850241786,1806
2259.925517121534,1760
2261.8024154876825,1777
2263.678880401803,1782
2265.5549121431536,1828
2267.430510991071,1785
2269.305677224971,1733
2271.180411124348,1782
2273.0547129687766,1716
2274.9285830379076,1749
2276.8020216114737,1734
2278.6750289692845,1829
2280.5476053912294,1814
2282.4197511572766,1772
2284.2914665474727,1820
2286.162751841943,1763
2288.0336073208937,1852
2289.904033264608,1837
2291.774029953448,1793
2293.6435976678554,1765
2295.5127366883517,1753
2297.381447295534,1773
2299.2497297700825,1775
2301.1175843927526,1790
2302.9850114443825,1707
2304.852011205885,1721
2306.7185839582553,1715
2308.5847299825664,1705
2310.4504495599676,1681
2312.3157429716925,1689
2314.1806104990483,1713
2316.0450524234247,1733
2317.9090690262888,1724
2319.772660589186,1619
2321.635827393742,1710
2323.498569721661,1655
2325.3608878547248,1679
2327.2227820747967,1739
2329.0842526638157,1693
2330.945299903803,1656
2332.805924076857,1756
2334.6661254651535,1629
2336.525904350951,1686
2338.3852610165827,1668
2340.244195744464,1642
2342.102708817088,1628
2343.9608005170253,1681
2345.8184711269287,1696
2347.675720929526,1698
2349.532550207628,1702
2351.38895924412,1712
2353.24494832197,1670
2355.100517724223,1665
2356.955667734004,1731
2358.810398634514,1756
2360.664710709037,1708
2362.5186042409337,1741
2364.3720795136437,1737
2366.225136810686,1764
2368.0777764156583,1719
2369.929998612237,1713
2371.7818036841777,1726
2373.633191915315,1680
2375.484163589562,1652
2377.3347189909114,1679
2379.184858403434,1728
2381.03458211128,1658
2382.8838903986775,1749
2384.732783549936,1712
2386.5812618494406,1741
2388.4293255816588,1741
2390.2769750311327,1696
2392.1242104824883,1730
2393.971032220427,1731
2395.8174405297295,1772
2397.6634356952563,1726
2399.509018001947,1715
2401.3541877348193,1789
2403.1989451789705,1688
2405.043290619576,1733
2406.8872243418905,1707
2408.730746631247,1684
2410.5738577730594,1793
2412.4165580528183,1758
2414.258847756095,1688
2416.100727168537,1686
2417.9421965758734,1725
2419.783256263912,1711
2421.623906518538,1714
2423.4641476257157,1730
2425.303979871491,1689
2427.143403541984,1756
2428.9824189233977,1691
2430.821026302012,1751
2432.6592259641866,1736
2434.497018196361,1709
2436.33440328505,1735
2438.171381516851,1742
2440.00795317844,1744
2441.844118556569,1711
2443.6798779380724,1776
2445.5152316098606,1665
2447.3501798589255,1715
2449.1847229723357,1685
2451.0188612372403,1655
2452.8525949408663,1730
2454.6859243705203,1699
2456.518849813587,1713
2458.3513715575314,1721
2460.183489889895,1733
2462.015205098301,1721
2463.8465174704493,1702
2465.67742729412,1732
2467.5079348571717,1762
2469.338040447542,1744
2471.1677443532476,1759
2472.9970468623833,1805
2474.825948263123,1758
2476.6544488437207,1788
2478.482548892508,1770
2480.310248697896,1676
2482.137548548374,1729
2483.9644487325118,1731
2485.790949538956,1725
2487.617051256433,1693
2489.44275417375,1814
2491.26805857979,1828
2493.0929647635157,1771
2494.917473013971,1802
2496.741583620276,1727
2498.5652968716304,1750
2500.3886130573137,1773
2502.2115324666834,1759
2504.0340553891765,1793
2505.856182114308,1784
2507.6779129316733,1848
2509.499248130945,1799
2511.3201880018764,1746
2513.140732834298,1766
2514.9608829181198,1826
2516.780638543331,1806
2518.6,1807
2520.418967578273,1754
2522.237541568376,1744
2524.0557222606144,1812
2525.8735099453706,1793
2527.6909049131086,1886
2529.507907454368,1775
2531.32451785977,1771
2533.140736420014,1753
2534.9565634258774,1759
2536.771999168218,1800
2538.5870439379714,1850
2540.4016980261526,1816
2542.2159617238544,1922
2544.02983532225,1795
2545.8433191125914,1880
2547.656413386209,1857
2549.4691184345115,1849
2551.2814345489874,1865
2553.093362021204,1884
2554.904901142808,1803
2556.716052205523,1857
2558.526815501153,1914
2560.3371913215824,1892
2562.147179958771,1947
2563.956781704761,1932
2565.7659968516705,1907
2567.5748256916986,1957
2569.3832685171224,1920
2571.1913256202984,1960
2572.9989972936614,2069
2574.806283829725,1960
2576.613185521084,2006
2578.4197026604074,1972
2580.2258355404483,1954
2582.031584454035,1955
2583.836949694077,1951
2585.6419315535613,1978
2587.4465303255533,1939
2589.2507463032002,1966
2591.0545797797245,2009
2592.8580310484303,1994
2594.6611004026995,1938
2596.463788135992,1972
2598.266094541849,1925
2600.0680199138874,1961
2601.869564545807,1976
2603.670728731383,2010
2605.4715127644704,1985
2607.2719169390048,1993
2609.071941548998,1944
2610.8715868885433,1954
2612.670853251811,1954
2614.469740933052,1964
2616.268250226594,1959
2618.0663814268455,1968
2619.864134828292,1913
2621.6615107255006,2007
2623.458509413115,1982
2625.2551311858597,1941
2627.0513763385347,1900
2628.8472451660223,1967
2630.6427379632833,1971
2632.4378550253564,1933
2634.232596647359,1869
2636.026963124488,1909
2637.8209547520187,1906
2639.6145718253065,1912
2641.407814639785,1886
2643.200683490966,1821
2644.9931786744414,1871
2646.7853004858807,1896
2648.577049221034,1921
2650.3684251757277,1886
2652.1594286458712,1868
2653.9500599274484,1814
2655.740319316525,1840
2657.5302071092437,1843
2659.3197236018286,1803
2661.10886909058,1855
2662.8976438718782,1841
2664.686048242183,1842
2666.4740824980327,1873
2668.2617469360443,1858
2670.0490418529134,1819
2671.8359675454153,1790
2673.622524310403,1860
2675.408712444811,1800
2677.1945322456495,1797
2678.979984010009,1848
2680.76506803506,1816
2682.5497846180497,1817
2684.334134056306,1701
2686.1181166472343,1811
2687.9017326883213,1759
2689.6849824771293,1839
2691.4678663113013,1813
2693.2503844885596,1748
2695.032537306705,1770
2696.8143250636167,1726
2698.5957480572542,1792
2700.3768065856534,1752
2702.1575009469316,1743
2703.937831439283,1734
2705.717798360982,1722
2707.4974020103837,1711
2709.276642685917,1743
2711.055520686095,1766
2712.834036309506,1699
2714.612189854819,1754
2716.389981620782,1671
2718.1674119062204,1702
2719.944481010041,1676
2721.721189231226,1741
2723.4975368688415,1728
2725.273524222027,1704
2727.0491515900053,1741
2728.824419272075,1678
2730.5993275676146,1725
2732.3738767760838,1653
2734.148067197016,1686
2735.921899130031,1723
2737.6953728748194,1722
2739.468488731156,1700
2741.2412469988926,1623
2743.0136479779617,1655
2744.785691968372,1619
2746.5573792702116,1692
2748.3287101836504,1647
2750.099685008934,1678
2751.870304046388,1829
2753.640567596418,1761
2755.4104759595057,1747
2757.1800294362156,1679
2758.949228327187,1661
2760.7180729331412,1702
2762.486563554877,1680
2764.254700493272,1666
2766.022484049284,1699
2767.789914523947,1768
2769.5569922183786,1750
2771.3237174337705,1673
2773.090090471394,1667
2774.8561116326036,1627
2776.6217812188274,1642
2778.3870995315756,1682
2780.1520668724356,1751
2781.9166835430747,1690
2783.6809498452394,1616
2785.444866080754,1703
2787.2084325515225,1701
2788.971649559527,1677
2790.73451740683,1746
2792.4970363955713,1696
2794.2592068279705,1616
2796.0210290063264,1645
2797.7825032330147,1681
2799.543629810493,1690
2801.304409041296,1695
2803.0648412280366,1622
2804.8249266734088,1621
2806.5846656801846,1684
2808.344058551212,1669
2810.1031055894246,1676
2811.8618070978273,1685
2813.6201633795085,1732
2815.378174737636,1734
2817.1358414754536,1722
2818.893163896285,1684
2820.6501423035334,1682
2822.4067770006814,1707
2824.1630682912883,1629
2825.9190164789957,1746
2827.6746218675207,1680
2829.429884760661,1686
2831.184805462294,1664
2832.9393842763743,1713
2834.693621506936,1764
2836.4475174580916,1687
2838.201072434034,1697
2839.954286739034,1727
2841.707160677441,1687
2843.459694553685,1741
2845.2118886722724,1675
2846.96374333779,1697
2848.7152588549034,1632
2850.4664355283567,1721
2852.217273662973,1702
2853.9677735636546,1696
2855.7179355353833,1703
2857.4677598832186,1754
2859.217246912299,1708
2860.9663969278427,1708
2862.715210235146,1650
2864.4636871395846,1661
2866.211827946614,1674
2867.9596329617652,1670
2869.7071024906536,1721
2871.4542368389684,1664
2873.20103631248,1626
2874.947501217038,1655
2876.6936318585695,1662
2878.4394285430812,1764
2880.1848915766604,1636
2881.9300212654707,1749
2883.6748179157553,1656
2885.4192818338374,1666
2887.1634133261173,1685
2888.907212699077,1695
2890.6506802592744,1642
2892.393816313348,1712
2894.1366211680142,1706
2895.8790951300693,1714
2897.621238506388,1683
2899.363051603925,1680
2901.1045347297118,1661
2902.8456881908596,1645
2904.58651229456,1707
2906.327007348081,1718
2908.067173658772,1676
2909.8070115340597,1731
2911.5465212814497,1714
2913.285703208527,1639
2915.0245576229563,1695
2916.7630848324807,1655
2918.5012851449196,1663
2920.2391588681758,1678
2921.976706310227,1646
2923.7139277791334,1641
2925.4508235830313,1605
2927.187394030137,1620
2928.923639428745,1692
2930.6595600872306,1642
2932.395156314046,1701
2934.1304284177218,1652
2935.8653767068713,1677
2937.6000014901815,1694
2939.3343030764227,1714
2941.068281774442,1745
2942.8019378931644,1741
2944.5352717415976,1671
2946.2682836288236,1649
2948.0009738640065,1715
2949.7333427563885,1698
2951.465390615289,1704
2953.1971177501086,1701
2954.9285244703265,1686
2956.6596110855,1723
2958.3903779052657,1646
2960.1208252393385,1734
2961.8509533975125,1630
2963.5807626896617,1722
2965.3102534257378,1606
2967.0394259157715,1645
2968.768280469873,1638
2970.496817398232,1616
2972.2250370111146,1627
2973.952939618869,1620
2975.6805255319196,1700
2977.4077950607707,1668
2979.134748516006,1680
2980.861386208289,1663
2982.587708448359,1699
2984.313715547037,1634
2986.039407815222,1686
2987.764785563891,1694
2989.489849104102,1620
2991.2145987469908,1623
2992.9390348037705,1698
2994.6631575857346,1698
2996.3869674042576,1707
2998.1104645707887,1754
2999.83364939686,1665
3001.5565221940783,1667
3003.2790832741334,1718
3005.0013329487924,1624
3006.7232715298996,1614
3008.4448993293804,1691
3010.166216659239,1641
3011.887223831558,1619
3013.607921158498,1608
3015.3283089522993,1659
3017.0483875252826,1632
3018.7681571898443,1674
3020.4876182584626,1691
3022.2067710436927,1711
3023.9256158581707,1685
3025.644153014609,1640
3027.362382825801,1648
3029.0803056046193,1615
3030.797921664012,1675
3032.5152313170106,1642
3034.2322348767225,1697
3035.9489326563353,1619
3037.665324969115,1660
3039.3814121284063,1625
3041.097194447633,1611
3042.812672240299,1704
3044.5278458199855,1645
3046.2427155003525,1633
3047.9572815951406,1688
3049.671544418167,1747
3051.38550428333,1746
3053.0991615046073,1704
3054.812516396051,1605
3056.5255692717974,1654
3058.2383204460575,1726
3059.9507702331257,1625
3061.662918947372,1590
3063.3747669032446,1718
3065.0863144152736,1605
3066.7975617980674,1651
3068.508509366309,1693
3070.219157434767,1609
3071.9295063182844,1656
3073.639556331785,1683
3075.3493077902704,1693
3077.058761008821,1639
3078.7679163025964,1649
3080.476773986837,1682
3082.1853343768594,1705
3083.89359778806,1619
3085.6015645359153,1715
3087.3092349359786,1721
3089.016609303884,1686
3090.7236879553434,1652
3092.4304712061476,1652
3094.136959372166,1687
3095.843152769349,1636
3097.5490517137237,1698
3099.2546565213966,1651
3100.959967508554,1620
3102.66498499146,1674
3104.3697092864577,1635
3106.0741407099695,1594
3107.778279578498,1661
3109.482126208622,1658
3111.1856809170004,1682
3112.8889440203716,1695
3114.5919158355528,1744
3116.294596679439,1718
3117.996986869006,1642
3119.6990867213062,1689
3121.4008965534726,1751
3123.102416682717,1696
3124.803647426329,1638
3126.5045891016784,1725
3128.205242026213,1721
3129.90560651746,1671
3131.605682893025,1587
3133.3054714705922,1732
3135.0049725679282,1731
3136.7041865028714,1733
3138.4031135933465,1713
3140.101754157353,1690
3141.800108512971,1697
3143.498176978357,1629
3145.1959598717494,1690
3146.8934575114636,1662
3148.5906702158954,1685
3150.2875983035183,1644
3151.9842420928853,1649
3153.680601902627,1689
3155.376678051456,1579
3157.07247085816,1584
3158.767980641609,1677
3160.463207720748,1706
3162.158152414606,1655
3163.8528150422862,1654
3165.5471959229726,1679
3167.2412953759303,1692
3168.9351137204976,1649
3170.628651276098,1695
3172.3219083622307,1666
3174.014885298474,1669
3175.707582404485,1690
3177.4000000000005,1667
3179.092138404835,1632
3180.7839979388846,1671
3182.47557892212,1668
3184.166881674594,1710
3185.8579065164386,1722
3187.5486537678626,1675
3189.2391237491547,1619
3190.9293167806827,1669
3192.6192331828934,1722
3194.3088732763117,1705
3195.998237381542,1716
3197.687325819268,1723
3199.376138910251,1665
3201.064676975334,1704
3202.7529403354347,1689
3204.4409293115523,1651
3206.1286442247647,1648
3207.816085396229,1599
3209.5032531471825,1676
3211.190147798936,1687
3212.8767696728846,1713
3214.5631190905015,1655
3216.2491963733373,1669
3217.9350018430214,1627
3219.6205358212637,1671
3221.305798629851,1624
3222.990790590651,1644
3224.6755120256103,1621
3226.359963256751,1599
3228.0441446061795,1681
3229.7280563960758,1601
3231.411698948703,1695
3233.0950725863995,1677
3234.778177631587,1688
3236.461014406761,1637
3238.1435832345005,1628
3239.8258844374595,1672
3241.507918338374,1717
3243.1896852600576,1676
3244.8711855254023,1685
3246.552419457381,1678
3248.233387379042,1673
3249.914089613516,1692
3251.59452648401,1684
3253.274698313813,1645
3254.95460542629,1732
3256.6342481448855,1590
3258.313626793125,1608
3259.9927416946084,1606
3261.6715931730196,1590
3263.3501815521176,1659
3265.0285071557437,1658
3266.706570307815,1694
3268.3843713323286,1624
3270.0619105533615,1669
3271.739188295068,1679
3273.4162048816834,1656
3275.0929606375184,1656
3276.769455886966,1655
3278.445690954498,1683
3280.1216661646613,1722
3281.797381842087,1675
3283.4728383114807,1688
3285.1480358976296,1680
3286.8229749253996,1631
3288.4976557197333,1687
3290.172078605655,1697
3291.846243908266,1668
3293.5201519527463,1669
3295.193803064357,1613
3296.8671975684374,1718
3298.5403357904024,1662
3300.21321805575,1653
3301.8858446900567,1636
3303.558216018975,1579
3305.23033236824,1604
3306.9021940636603,1632
3308.57380143113,1644
3310.2451547966184,1697
3311.916254486174,1700
3313.5871008259246,1647
3315.2576941420766,1637
3316.9280347609147,1714
3318.5981230088046,1639
3320.2679592121895,1676
3321.9375436975924,1720
3323.606876791612,1642
3325.27595882093,1592
3326.944790112305,1607
3328.6133709925753,1655
3330.2817017886573,1651
3331.949782827547,1633
3333.617614436319,1595
3335.2851969421245,1620
3336.952530672199,1704
3338.619615953853,1706
3340.286453114475,1648
3341.9530424815357,1615
3343.619384382583,1698
3345.2854791452437,1625
3346.951327097224,1689
3348.6169285663073,1653
3350.2822838803577,1637
3351.947393367319,1714
3353.61225735521,1661
3355.2768761721345,1636
3356.9412501462693,1646
3358.605379605873,1659
3360.2692648792827,1745
3361.9329062949146,1641
3363.596304181263,1641
