CollectionTime,7/9/2024 1:28:37 PM
ExposureUsed,3
CalibratedSpectrum
-962.7078968117929,533
-959.9714848408522,537
-957.2358232597828,535
-954.5009119013725,536
-951.7667505983302,551
-949.0333391832855,564
-946.3006774887896,539
-943.5687653473143,546
-940.837602591253,532
-938.1071890529199,544
-935.3775245645503,551
-932.6486089583007,563
-929.9204420662485,555
-927.1930237203925,542
-924.4663537526524,557
-921.7404319948689,556
-919.0152582788041,545
-916.2908324361409,598
-913.5671542984834,598
-910.8442236973568,526
-908.1220404642074,547
-905.4006044304027,554
-902.679915427231,582
-899.959973285902,562
-897.2407778375464,547
-894.5223289132158,539
-891.8046263438832,546
-889.0876699604426,534
-886.3714595937089,525
-883.6559950744183,518
-880.9412762332282,523
-878.2273029007168,567
-875.5140749073835,521
-872.8015920836489,545
-870.0898542598545,535
-867.3788612662631,514
-864.6686129330585,544
-861.9591090903457,542
-859.2503495681506,558
-856.5423341964203,539
-853.8350628050229,558
-851.1285352237478,521
-848.4227512823054,534
-845.7177108103272,532
-843.0134136373656,557
-840.3098595928943,559
-837.6070485063082,560
-834.9049802069229,553
-832.2036545239757,566
-829.5030712866244,552
-826.8032303239481,544
-824.1041314649472,557
-821.4057745385428,563
-818.7081593735775,539
-816.0112857988148,546
-813.3151536429393,566
-810.6197627345566,574
-807.9251129021936,524
-805.2312039742981,551
-802.5380357792392,557
-799.8456081453069,526
-797.1539209007124,546
-794.462973873588,552
-791.772766891987,566
-789.083299783884,574
-786.3945723771743,587
-783.7065844996748,567
-781.0193359791231,539
-778.3328266431781,536
-775.6470563194197,535
-772.9620248353489,538
-770.2777320183878,513
-767.5941776958798,590
-764.9113616950891,619
-762.2292838432011,578
-759.5479439673222,540
-756.8673418944801,546
-754.1874774516235,557
-751.5083504656222,559
-748.8299607632671,612
-746.15230817127,622
-743.475392516264,558
-740.7992136248035,580
-738.1237713233636,565
-735.4490654383407,570
-732.7750957960521,568
-730.1018622227365,599
-727.4293645445534,587
-724.7576025875837,604
-722.0865761778291,562
-719.4162851412126,593
-716.7467293035781,608
-714.0779084906909,603
-711.409822528237,609
-708.7424712418238,614
-706.0758544569796,623
-703.4099719991541,587
-700.7448236937178,603
-698.0804093659622,606
-695.4167288411002,598
-692.7537819442656,624
-690.0915685005134,611
-687.4300883348199,637
-684.7693412720819,625
-682.1093271371178,645
-679.4500457546669,608
-676.7914969493897,624
-674.1336805458676,632
-671.4765963686034,606
-668.8202442420206,628
-666.1646239904642,638
-663.5097354382001,621
-660.8555784094151,650
-658.2021527282176,639
-655.5494582186366,637
-652.8974947046223,643
-650.2462620100463,677
-647.5957599587009,647
-644.9459883742998,683
-642.2969470804776,655
-639.6486359007902,646
-637.0010546587141,690
-634.3542031776476,652
-631.7080812809096,649
-629.0626887917401,642
-626.4180255333008,648
-623.7740913286734,670
-621.1308860008619,677
-618.4884093727904,647
-615.8466612673046,681
-613.2056415071715,662
-610.5653499150785,689
-607.9257863136347,692
-605.28695052537,657
-602.6488423727357,689
-600.0114616781036,661
-597.3748082637674,662
-594.7388819519412,629
-592.1036825647604,652
-589.4692099242818,671
-586.8354638524829,673
-584.2024441712624,675
-581.5701507024403,668
-578.9385832677575,668
-576.3077416888759,689
-573.6776257873787,668
-571.0482353847704,640
-568.4195703024757,636
-565.7916303618415,657
-563.164415384135,658
-560.5379251905453,694
-557.9121596021815,659
-555.2871184400748,703
-552.6628015251767,663
-550.0392086783606,690
-547.4163397204204,675
-544.794194472071,681
-542.1727727539491,702
-539.5520743866118,678
-536.9320991905377,698
-534.3128469861261,701
-531.6943175936979,724
-529.0765108334947,785
-526.4594265256793,788
-523.8430644903358,899
-521.2274245474689,1031
-518.612506517005,1089
-515.9983102187913,1052
-513.3848354725959,1035
-510.77208209810846,1104
-508.16004991493924,1179
-505.5487387426199,1363
-502.9381484006032,1431
-500.3282787082628,1434
-497.71912948489364,1397
-495.1107005497117,1270
-492.5029917218539,1121
-489.8960028203786,1012
-487.28973366426493,929
-484.68418407241325,872
-482.07935386364494,877
-479.47524285670266,811
-476.87185087025,819
-474.2691777228715,895
-471.66722323307334,844
-469.0659872192821,844
-466.4654694998459,880
-463.86566989303384,831
-461.26658821703614,851
-458.66822428996414,835
-456.07057792985,824
-453.4736489546475,872
-450.877437182231,820
-448.28194243039627,822
-445.68716451686,883
-443.09310325926003,821
-440.49975847515555,843
-437.9071299820263,843
-435.31521759727354,812
-432.72402113821954,824
-430.13354042210767,828
-427.5437752661022,862
-424.95472548728867,827
-422.36639090267386,897
-419.7787713291855,909
-417.1918665836721,923
-414.60567648290385,924
-412.0202008435715,896
-409.4354394822874,862
-406.8513922155845,940
-404.26805885991723,944
-401.685439231661,910
-399.103533147112,871
-396.522340422488,853
-393.9418608739278,847
-391.3620943174908,858
-388.7830405691583,882
-386.2046994448317,806
-383.6270707603344,791
-381.05015433141045,768
-378.473949973725,725
-375.8984575028645,712
-373.32367673433623,611
-370.74960748356875,593
-368.1762495659117,552
-365.60360279663576,556
-363.03166699093265,512
-360.4604419639154,492
-357.8899275306178,483
-355.32012350599507,469
-352.7510297049233,474
-350.1826459421999,451
-347.61497203254316,440
-345.04800779059235,432
-342.4817530309082,433
-339.91620756797226,437
-337.35137121618743,455
-334.7872437898774,453
-332.22382510328725,475
-329.66111497058273,439
-327.09911320585127,462
-324.53781962310075,439
-321.9772340362607,453
-319.4173562591816,444
-316.8581861056348,443
-314.2997233893127,451
-311.7419679238294,438
-309.1849195227194,425
-306.62857799943856,438
-304.0729431673641,478
-301.51801483979375,485
-298.963792829947,468
-296.41027695096386,485
-293.85746701590574,492
-291.3053628377552,490
-288.7539642294155,503
-286.2032710037115,485
-283.65328297338897,491
-281.1039999511146,508
-278.5554217494762,508
-276.007548180983,515
-273.4603790580651,499
-270.9139141930734,499
-268.3681533982807,507
-265.8230964858798,484
-263.27874326798565,497
-260.7350935566336,498
-258.1921471637804,532
-255.6499039013039,545
-253.10836358100266,522
-250.56752601459698,491
-248.02739101372765,555
-245.48795838995704,555
-242.94922795476816,551
-240.41119951956557,542
-237.8738728956746,555
-235.33724789434166,644
-232.80132432673452,589
-230.2661020039418,560
-227.73158073697357,577
-225.19776033676033,615
-222.66464061415422,652
-220.1322213799284,595
-217.60050244477725,586
-215.06948361931552,561
-212.53916471408013,600
-210.00954553952818,603
-207.48062590603843,573
-204.9524056239104,624
-202.4248845033651,646
-199.8980623545441,658
-197.37193898751036,618
-194.84651421224817,631
-192.32178783866232,666
-189.79775967657952,616
-187.27442953574644,673
-184.7517972258321,677
-182.2298625564256,691
-179.7086253370378,655
-177.18808537710026,675
-174.66824248596583,662
-172.14909647290835,672
-169.6306471471229,676
-167.11289431772548,675
-164.59583779375328,686
-162.07947738416453,725
-159.5638128978386,746
-157.04884414357605,815
-154.53457093009854,899
-152.02099306604828,800
-149.50811035998936,728
-146.99592262040665,691
-144.48442965570587,730
-141.97363127421409,791
-139.46352728417958,912
-136.95411749377126,967
-134.44540171107985,954
-131.93737974411636,759
-129.43005140081357,739
-126.92341648902493,1038
-124.41747481652521,1481
-121.91222619101006,1827
-119.40767042009657,2103
-116.90380731132257,2385
-114.40063667214702,2445
-111.8981583099503,2092
-109.3963720320337,1637
-106.89527764561933,1500
-104.39487495785067,1659
-101.89516377579241,2224
-99.39614390642998,3223
-96.89781515667039,3901
-94.40017733334128,3784
-91.90323024319173,3297
-89.40697369289148,3025
-86.91140748903172,3096
-84.41653143812482,3367
-81.92234534660395,3287
-79.42884902082358,2652
-76.93604226705907,2973
-74.4439248915071,4259
-71.95249670028534,6279
-69.46175749943245,8242
-66.97170709490854,8609
-64.48234529259423,8139
-61.99367189829195,7994
-59.50568671772464,7028
-57.01838955653636,5529
-54.53178022029283,4987
-52.045858514480074,5313
-49.560624244506016,5810
-47.07607721569923,5782
-44.59221723330904,5240
-42.10904410250669,5466
-39.62655762838392,4876
-37.14475761595372,4450
-34.66364387015028,4907
-32.18321619582866,5481
-29.70347439776515,6132
-27.224418280657005,7232
-24.74604764912317,8316
-22.26836230770266,11309
-19.7913620608565,19557
-17.315046712966478,33173
-14.83941606833514,44042
-12.36446993118659,58907
-9.89020810566592,65039
-7.416630395839093,65039
-4.94373660569363,65039
-2.471526539137585,65039
-6.821210263296962E-13,65039
2.47084320796705,65039
4.941003281093458,65039
7.410480415786196,65039
9.879274808531363,65039
12.347386655893956,65039
14.814816154518212,65039
17.28156350112681,65039
19.74762889252179,65039
22.21301252558385,21748
24.67771459727237,4254
27.141735304626195,2471
29.605074844762612,2097
32.06773341487792,1789
34.52971121224755,1526
36.99100843422559,1557
39.45162527824516,1586
41.91156194181792,1453
44.370818622535126,1376
46.82939551806646,1121
49.287292826160524,1065
51.74451074464503,1122
54.201049471426245,1173
56.65690920448981,1138
59.112090141899785,1027
61.56659248179983,917
64.02041642241159,875
66.4735621620365,830
68.92602989905402,878
71.37781983192338,922
73.82893215918205,918
76.27936707944684,953
78.72912479141326,1042
81.17820549385567,950
83.62660938562783,864
86.07433666566146,962
88.5213875329681,867
90.96776218663751,758
93.41346082583925,813
95.85848364982041,795
98.30283085790859,825
100.7465026495089,846
103.18949922410604,859
105.63182078126385,819
108.07346752062438,834
110.51443964190923,876
112.95473734491827,801
115.39436082953114,751
117.83331029570547,755
120.27158594347827,739
122.7091879729652,764
125.1461165843615,801
127.58237197794062,750
130.01795435405518,731
132.4528639131364,729
134.88710085569494,881
137.32066538231982,863
139.75355769367923,811
142.1857779905207,784
144.61732647366978,747
147.04820334403132,740
149.47840880258934,764
151.90794305040674,811
154.33680628862487,917
156.76499871846443,1088
159.19252054122433,1265
161.61937195828352,1285
164.04555317109896,1471
166.47106438120693,1583
168.89590579022217,1738
171.320077599839,1921
173.7435800118302,1977
176.16641322804742,1900
178.58857745042144,2146
181.01007288096173,2243
183.43089972175687,2287
185.85105817497413,2259
188.27054844285988,2315
190.6893707277394,2278
193.10752523201643,2297
195.5250121581745,2315
197.9418317087751,2464
200.3579840864594,2381
202.7734694939469,2341
205.18828813403627,2381
207.6024402096051,2468
210.01592592360964,2555
212.42874547908548,2494
214.84089907914665,2544
217.2523869269868,2466
219.66320922587727,2495
222.0733661791695,2509
224.48285799029293,2528
226.8916848627572,2480
229.29984700014882,2542
231.7073446061355,2562
234.11417788446204,2607
236.520347038953,2624
238.92585227351185,2737
241.33069379212054,2837
243.73487179884035,2858
246.1383864978112,2835
248.541238093252,2820
250.9434267894609,2883
253.34495279081432,2969
255.74581630176783,2841
258.1460175268563,2959
260.54555667069314,3008
262.9444339379703,2956
265.3426495334594,3003
267.7402036620107,2842
270.1370965285529,2738
272.53332833809407,2631
274.9288992957214,2562
277.32380960660055,2452
279.718059475976,2415
282.1116491091717,2454
284.5045787115897,2424
286.89684848871195,2354
289.2884586460981,2419
291.67940938938807,2428
294.0697009242996,2456
296.4593334566299,2401
298.84830719225477,2337
301.23662233712923,2358
303.6242790972866,2338
306.01127767884,2354
308.39761828798066,2270
310.78330113097934,2297
313.16832641418534,2308
315.5526943440269,2221
317.9364051270112,2166
320.3194589697242,2166
322.70185607883093,2133
325.0835966610754,2190
327.4646809232805,2070
329.8451090723478,2073
332.2248813152577,2088
334.6039978590701,2117
336.9824589109231,2077
339.36026467803447,2028
341.7374153677,2075
344.113911187295,1971
346.48975234427337,2007
348.8649390461686,2039
351.2394715005918,2066
353.61334991523415,2051
355.9865744978655,2046
358.35914545633375,2008
360.73106299856715,2031
363.10232733257146,1993
365.47293866643247,1865
367.84289720831396,1953
370.2122031664593,1957
372.5808567491905,1951
374.9488581649083,1950
377.31620762209275,1896
379.6829053293021,1845
382.0489514951745,1942
384.4143463284262,1898
386.7790900378528,1805
389.14318283232853,1829
391.50662492080653,1859
393.86941651231916,1945
396.23155781597745,1884
398.5930490409713,1916
400.9538903965696,1871
403.3140820921202,1840
405.6736243370498,1874
408.03251734086336,1877
410.3907613131465,1897
412.74835646356166,1842
415.10530300185144,1827
417.4616011378372,1869
419.81725108141893,1825
422.1722530425758,1896
424.5266072313656,1871
426.880313857925,1861
429.2333731324701,1913
431.58578526529516,1891
433.9375504667738,1871
436.2886689473588,1845
438.63914091758113,1809
440.9889665880513,1767
443.33814616945835,1813
445.68667987257015,1833
448.03456790823395,1739
450.3818104873759,1793
452.72840782100013,1770
455.07436012019105,1828
457.41966759611057,1757
459.7643304600007,1805
462.10834892318155,1828
464.4517231970525,1786
466.79445349309174,1774
469.1365400228566,1796
471.4779829979826,1749
473.81878263018564,1816
476.15893913125876,1782
478.4984527130747,1788
480.8373235875855,1931
483.17555196682144,1922
485.5131380628919,1968
487.8500820879857,2052
490.1863842543697,2145
492.52204477439034,2135
494.8570638604725,2364
497.1914417251204,2615
499.52517858091653,2834
501.85827464052306,3142
504.19073011668036,3264
506.5225452222086,3406
508.85372017000566,3343
511.18425517304956,3183
513.514150444396,3283
515.8434061971808,3974
518.1720226446176,4632
520.4999999999999,4933
522.8273384766991,4637
525.1540382881666,4122
527.480099647932,3662
529.8055227696037,3146
532.1303078668694,2575
534.454455153496,2268
536.777964843328,2041
539.1008371502907,2007
541.4230722883866,2000
543.744670471698,1976
546.0656319143858,1878
548.3859568306899,1940
550.7056454349294,1887
553.0246979415016,1924
555.3431145648834,1907
557.6608955196306,1844
559.978041020377,1808
562.2945512818363,1907
564.6104265188006,1866
566.9256669461412,1870
569.2402727788082,1913
571.5542442318302,1933
573.8675815203156,1927
576.1802848594508,1837
578.4923544645015,1964
580.8037905508126,1889
583.114593333807,1943
585.4247630289875,1907
587.7342998519354,1860
590.0432040183106,1877
592.3514757438526,1848
594.6591152443794,1967
596.9661227357875,1841
599.2724984340531,1943
601.578242555231,1933
603.8833553154542,1954
606.1878369309362,1909
608.4916876179676,1862
610.7949075929192,1769
613.0974970722403,1863
615.3994562724587,1923
617.7007854101818,1887
620.0014847020951,1851
622.3015543649641,1867
624.6009946156324,1944
626.8998056710224,2012
629.1979877481361,1867
631.4955410640538,1863
633.7924658359349,1907
636.0887622810175,1912
638.3844306166192,1919
640.6794710601358,1886
642.9738838290426,1908
645.2676691408932,1940
647.5608272133207,1887
649.853358264037,2018
652.1452625108324,1904
654.4365401715764,1930
656.7271914642178,1957
659.0172166067838,1996
661.3066158173809,1914
663.5953893141935,1933
665.8835373154867,1944
668.1710600396028,1944
670.4579577049639,1940
672.7442305300709,1911
675.0298787335033,1905
677.3149025339197,1933
679.599302150058,1898
681.8830778007342,1937
684.1662297048437,1869
686.4487580813608,1903
688.7306631493387,1948
691.0119451279091,1972
693.2926042362834,1922
695.5726406937516,1967
697.8520547196814,1934
700.1308465335215,1905
702.4090163547982,1934
704.6865644031171,1948
706.9634908981619,1922
709.2397960596965,1880
711.5154801075631,1903
713.7905432616823,1916
716.0649857420548,1829
718.3388077687592,1891
720.612009561953,1924
722.8845913418733,1871
725.1565533288352,1932
727.427895743234,1918
729.6986188055427,1908
731.9687227363137,1882
734.238207756178,1933
736.5070740858458,1961
738.7753219461066,1933
741.0429515578281,1962
743.3099631419569,1951
745.5763569195191,1880
747.8421331116193,1878
750.1072919394409,2000
752.3718336242467,1932
754.6357583873777,1950
756.8990664502545,1803
759.1617580343765,1860
761.423833361321,1906
763.6852926527457,1883
765.9461361303862,1951
768.206364016058,1911
770.4659765316536,1880
772.7249738991469,1904
774.9833563405886,1950
777.2411240781092,1898
779.4982773339183,1858
781.7548163303044,1999
784.010741289634,1932
786.2660524343538,2052
788.5207499869881,1905
790.7748341701416,1917
793.0283052064964,1967
795.2811633188143,1959
797.5334087299362,1941
799.7850416627813,1923
802.0360623403484,1928
804.2864709857143,1967
806.5362678220353,1985
808.7854530725468,1984
811.0340269605625,2010
813.2819897094754,2031
815.5293415427581,1933
817.77608268396,1949
820.0222133567116,2002
822.2677337847211,1979
824.5126441917765,2015
826.7569448017433,1972
829.0006358385675,1960
831.2437175262731,1950
833.4861900889629,1861
835.7280537508192,1895
837.9693087361026,1961
840.2099552691533,1944
842.4499935743896,1945
844.689423876309,2019
846.9282463994886,2007
849.1664613685833,1947
851.4040690083276,2011
853.6410695435349,1930
855.877463199097,1951
858.1132501999847,1975
860.3484307712487,1978
862.5830051380175,1969
864.8169735254988,1990
867.0503361589791,1901
869.2830932638243,1977
871.5152450654786,1992
873.7467917894654,1960
875.9777336613873,2053
878.2080709069252,1940
880.4378037518389,2000
882.666932421968,2045
884.8954571432301,1978
887.1233781416219,1995
889.3506956432192,2016
891.5774098741766,2009
893.803521060728,2051
896.0290294291852,2035
898.2539352059397,2033
900.4782386174619,1994
902.7019398903011,2061
904.925039251085,2037
907.147536926521,2048
909.3694331433943,2094
911.59072812857,1907
913.8114221089921,1998
916.0315153116827,2018
918.2510079637437,1966
920.4699002923547,1976
922.6881925247761,1934
924.905884888345,1962
927.1229776104793,2034
929.3394709186747,2025
931.555365040506,1931
933.7706602036275,1972
935.9853566357709,1974
938.1994545647489,1993
940.4129542184515,1980
942.6258558248488,1948
944.8381596119883,2003
947.0498658079974,2051
949.2609746410825,2020
951.4714863395287,1965
953.6814011316998,1947
955.8907192460387,1907
958.0994409110671,1875
960.3075663553858,1983
962.5150958076741,1959
964.7220294966913,1876
966.928367651274,1899
969.1341105003388,1906
971.3392582728806,1845
973.5438111979742,1909
975.747769504772,1928
977.9511334225061,1911
980.153903180487,1841
982.3560790081052,1855
984.5576611348289,1882
986.7586497902058,1901
988.9590452038618,1780
991.158847605503,1803
993.3580572249133,1801
995.5566742919558,1779
997.7546990365728,1733
999.952131688785,1728
1002.1489724786926,1729
1004.3452216364743,1668
1006.5408793923874,1677
1008.7359459767691,1643
1010.9304216200343,1661
1013.1243065526781,1678
1015.3176010052733,1649
1017.510305208472,1646
1019.7024193930064,1722
1021.8939437896848,1562
1024.0848786293977,1676
1026.2752241431122,1641
1028.4649805618747,1667
1030.6541481168115,1620
1032.842727039127,1642
1035.0307175601051,1583
1037.2181199111074,1624
1039.4049343235752,1567
1041.591161029029,1570
1043.7768002590683,1610
1045.9618522453698,1582
1048.1463172196918,1583
1050.3301954138697,1637
1052.513487059818,1627
1054.69619238953,1557
1056.8783116350783,1574
1059.0598450286152,1575
1061.2407928023704,1616
1063.4211551886528,1555
1065.6009324198508,1614
1067.780124728432,1578
1069.9587323469414,1603
1072.1367555080046,1584
1074.314194444325,1586
1076.4910493886855,1503
1078.667320573947,1490
1080.843008233051,1562
1083.0181125990161,1506
1085.1926339049414,1569
1087.3665723840027,1514
1089.5399282694575,1543
1091.7127017946405,1539
1093.8848931929647,1547
1096.0565026979243,1482
1098.2275305430899,1530
1100.3979769621128,1515
1102.567842188722,1542
1104.737126456726,1475
1106.9058300000124,1492
1109.0739530525475,1473
1111.2414958483764,1478
1113.4084586216231,1450
1115.5748416064907,1441
1117.7406450372605,1514
1119.9058691482942,1490
1122.0705141740304,1474
1124.2345803489884,1500
1126.3980679077658,1479
1128.5609770850388,1485
1130.7233081155623,1479
1132.8850612341707,1494
1135.0462366757774,1449
1137.2068346753745,1435
1139.3668554680326,1497
1141.526299288901,1482
1143.68516637321,1452
1145.8434569562655,1495
1148.001171273455,1492
1150.158309560244,1482
1152.3148720521767,1469
1154.470858984876,1436
1156.626270594044,1469
1158.7811071154629,1427
1160.9353687849912,1372
1163.089055838569,1455
1165.242168512213,1445
1167.3947070420209,1489
1169.5466716641677,1420
1171.6980626149075,1419
1173.8488801305748,1461
1175.9991244475814,1459
1178.1487958024186,1453
1180.2978944316555,1448
1182.4464205719428,1424
1184.5943744600072,1424
1186.7417563326567,1452
1188.8885664267755,1430
1191.0348049793297,1459
1193.1804722273619,1470
1195.325568407995,1501
1197.4700937584303,1483
1199.614048515948,1433
1201.7574329179074,1450
1203.900247201746,1425
1206.042491604982,1403
1208.1841663652099,1469
1210.3252717201053,1444
1212.465807907422,1431
1214.6057751649923,1507
1216.7451737307279,1492
1218.8840038426192,1467
1221.0222657387353,1500
1223.1599596572241,1526
1225.2970858363137,1515
1227.4336445143094,1490
1229.5696359295966,1515
1231.705060320639,1467
1233.8399179259786,1529
1235.9742089842384,1527
1238.107933734118,1480
1240.2410924143974,1468
1242.373685263935,1475
1244.5057125216676,1533
1246.6371744266116,1457
1248.7680712178621,1553
1250.898403134593,1562
1253.028170416058,1554
1255.1573733015875,1538
1257.2860120305932,1507
1259.4140868425648,1579
1261.54159797707,1515
1263.6685456737569,1509
1265.7949301723515,1498
1267.9207517126597,1544
1270.046010534565,1529
1272.1707068780306,1554
1274.2948409830983,1512
1276.4184130898889,1548
1278.541423438603,1538
1280.6638722695184,1551
1282.785759822993,1542
1284.9070863394636,1529
1287.0278520594447,1484
1289.1480572235314,1552
1291.2677020723963,1575
1293.3867868467923,1571
1295.5053117875495,1513
1297.623277135579,1626
1299.740683131868,1595
1301.8575300174857,1655
1303.973818033578,1657
1306.0895474213703,1639
1308.2047184221678,1635
1310.3193312773528,1636
1312.4333862283888,1576
1314.5468835168163,1615
1316.659823384255,1641
1318.7722060724045,1727
1320.8840318230418,1621
1322.9953008780249,1603
1325.1060134792888,1652
1327.2161698688478,1592
1329.3257702887959,1641
1331.4348149813054,1624
1333.5433041886276,1619
1335.6512381530933,1631
1337.7586171171101,1610
1339.8654413231675,1696
1341.9717110138317,1648
1344.0774264317488,1717
1346.1825878196432,1655
1348.2871954203192,1647
1350.3912494766587,1610
1352.4947502316231,1613
1354.5976979282532,1597
1356.7000928096686,1644
1358.8019351190665,1618
1360.9032250997243,1637
1363.0039629949988,1580
1365.1041490483235,1617
1367.2037835032133,1662
1369.3028666032606,1626
1371.401398592137,1647
1373.4993797135926,1666
1375.5968102114575,1686
1377.6936903296396,1625
1379.7900203121262,1613
1381.8858004029835,1667
1383.9810308463561,1693
1386.075711886469,1713
1388.1698437676241,1688
1390.2634267342032,1731
1392.356461030667,1660
1394.4489469015557,1645
1396.5408845914872,1686
1398.6322743451592,1713
1400.7231164073469,1714
1402.813411022907,1673
1404.903158436773,1748
1406.9923588939578,1690
1409.0810126395531,1722
1411.1691199187303,1771
1413.2566809767386,1788
1415.343696058907,1761
1417.4301654106425,1766
1419.5160892774315,1782
1421.6014679048399,1704
1423.6863015385125,1711
1425.7705904241707,1749
1427.8543348076178,1820
1429.9375349347342,1847
1432.0201910514802,1836
1434.102303403894,1855
1436.1838722380944,1833
1438.2648978002767,1890
1440.3453803367174,1879
1442.4253200937692,1881
1444.5047173178677,1913
1446.5835722555234,1987
1448.6618851533285,2013
1450.739656257952,1978
1452.8168858161434,2003
1454.8935740747306,2014
1456.96972128062,2064
1459.045327680797,2064
1461.120393522327,2175
1463.1949190523528,2198
1465.2689045180973,2260
1467.3423501668608,2232
1469.415256246024,2257
1471.4876230030463,2379
1473.559450685465,2339
1475.6307395408976,2441
1477.7014898170391,2374
1479.771701761665,2453
1481.8413756226287,2524
1483.9105116478618,2542
1485.9791100853772,2523
1488.0471711832643,2522
1490.1146951896926,2608
1492.1816823529098,2695
1494.2481329212433,2585
1496.3140471430984,2624
1498.3794252669609,2773
1500.4442675413939,2830
1502.5085742150404,2778
1504.572345536622,2715
1506.6355817549388,2828
1508.6982831188702,2825
1510.7604498773744,2891
1512.8220822794883,2808
1514.8831805743293,2827
1516.9437450110909,2871
1519.003775839048,2925
1521.0632733075522,2985
1523.1222376660367,2939
1525.1806691640113,2926
1527.2385680510652,2971
1529.2959345768668,2953
1531.3527689911643,3115
1533.4090715437833,3091
1535.4648424846291,3159
1537.5200820636855,3168
1539.5747905310159,3189
1541.6289681367616,3127
1543.6826151311434,3220
1545.7357317644614,3324
1547.7883182870937,3348
1549.8403749494987,3272
1551.8919020022113,3418
1553.9428996958477,3481
1555.9933682811015,3491
1558.0433080087469,3559
1560.0927191296346,3694
1562.1416018946961,3709
1564.1899565549415,3694
1566.2377833614592,3754
1568.2850825654164,3685
1570.3318544180606,3725
1572.3780991707158,3602
1574.423817074788,3575
1576.4690083817595,3387
1578.5136733431923,3392
1580.5578122107272,3089
1582.601425236085,2976
1584.6445126710646,2810
1586.6870747675434,2767
1588.7291117774776,2718
1590.7706239529034,2538
1592.8116115459347,2443
1594.8520748087658,2390
1596.8920139936686,2419
1598.9314293529933,2285
1600.9703211391711,2122
1603.008689604711,2072
1605.0465350022005,2024
1607.0838575843068,2010
1609.1206576037753,1943
1611.1569353134305,1931
1613.1926909661765,1893
1615.2279248149953,1890
1617.2626371129481,1781
1619.2968281131757,1799
1621.3304980688963,1814
1623.3636472334088,1822
1625.39627586009,1736
1627.428384202396,1727
1629.459972513861,1715
1631.4910410480993,1678
1633.5215900588028,1679
1635.551619799744,1706
1637.5811305247717,1575
1639.6101224878166,1681
1641.6385959428862,1607
1643.6665511440683,1571
1645.693988345528,1602
1647.7209078015112,1563
1649.7473097663405,1597
1651.7731944944203,1588
1653.7985622402307,1611
1655.823413258333,1565
1657.847747803366,1565
1659.8715661300494,1597
1661.8948684931793,1511
1663.9176551476316,1539
1665.9399263483624,1537
1667.9616823504057,1572
1669.982923408873,1559
1672.0036497789574,1571
1674.0238617159293,1584
1676.043559475138,1573
1678.0627433120121,1587
1680.081413482059,1529
1682.0995702408654,1565
1684.117213844096,1588
1686.134344547495,1593
1688.1509626068864,1547
1690.1670682781705,1555
1692.182661817329,1533
1694.1977434804217,1528
1696.2123135235875,1633
1698.226372203043,1514
1700.2399197750851,1522
1702.2529564960905,1620
1704.2654826225112,1559
1706.277498410882,1546
1708.2890041178139,1571
1710.2999999999988,1550
1712.3104863142066,1559
1714.3204633172854,1503
1716.329931266163,1542
1718.3388904178469,1500
1720.3473410294214,1505
1722.3552833580516,1547
1724.3627176609807,1519
1726.3696441955308,1487
1728.3760632191033,1480
1730.3819749891782,1514
1732.3873797633146,1548
1734.3922777991502,1465
1736.3966693544012,1512
1738.4005546868639,1531
1740.4039340544127,1473
1742.406807715001,1466
1744.4091759266616,1481
1746.4110389475054,1462
1748.4123970357223,1467
1750.413250449582,1451
1752.4135994474318,1445
1754.4134442876993,1448
1756.4127852288902,1479
1758.4116225295893,1410
1760.4099564484595,1442
1762.407787244244,1429
1764.405115175764,1436
1766.4019405019203,1420
1768.3982634816916,1389
1770.3940843741357,1440
1772.3894034383907,1461
1774.3842209336717,1501
1776.378537119274,1383
1778.372352254571,1437
1780.3656665990156,1434
1782.3584804121397,1403
1784.3507939535534,1396
1786.3426074829463,1374
1788.3339212600863,1374
1790.3247355448211,1416
1792.3150505970766,1431
1794.3048666768573,1356
1796.2941840442477,1416
1798.2830029594106,1393
1800.2713236825884,1405
1802.2591464741004,1406
1804.2464715943465,1402
1806.2332993038058,1376
1808.2196298630352,1379
1810.2054635326708,1399
1812.190800573428,1369
1814.175641246101,1455
1816.1599858115628,1405
1818.1438345307652,1393
1820.127187664738,1454
1822.1100454745924,1352
1824.092408221516,1351
1826.0742761667766,1389
1828.055649571721,1403
1830.0365286977735,1359
1832.0169138064398,1373
1833.9968051593014,1367
1835.9762030180214,1413
1837.9551076443408,1363
1839.9335193000788,1325
1841.9114382471344,1334
1843.888864747485,1378
1845.8657990631878,1319
1847.842241456378,1385
1849.8181921892697,1410
1851.7936515241558,1419
1853.7686197234098,1348
1855.7430970494815,1367
1857.7170837649014,1384
1859.6905801322787,1350
1861.6635864143004,1355
1863.6361028737338,1381
1865.608129773424,1379
1867.5796673762961,1338
1869.5507159453537,1349
1871.521275743678,1439
1873.4913470344313,1398
1875.4609300808534,1371
1877.4300251462632,1400
1879.3986324940588,1390
1881.366752387717,1384
1883.3343850907936,1386
1885.3015308669228,1433
1887.268189979819,1371
1889.2343626932739,1389
1891.2000492711595,1379
1893.1652499774254,1379
1895.1299650761011,1474
1897.0941948312952,1402
1899.0579395071945,1396
1901.0211993680641,1406
1902.98397467825,1385
1904.9462657021745,1487
1906.9080727043415,1431
1908.869395949332,1394
1910.8302357018065,1409
1912.790592226504,1447
1914.7504657882428,1373
1916.7098566519212,1363
1918.6687650825133,1396
1920.6271913450764,1399
1922.5851357047422,1413
1924.5425984267245,1412
1926.499579776314,1378
1928.4560800188833,1440
1930.4120994198802,1457
1932.367638244833,1352
1934.32269675935,1417
1936.2772752291175,1417
1938.231373919899,1406
1940.1849930975404,1391
1942.1381330279637,1386
1944.0907939771696,1395
1946.0429762112412,1401
1947.9946799963363,1383
1949.9459055986945,1370
1951.896653284633,1363
1953.8469233205478,1335
1955.7967159729142,1433
1957.7460315082863,1430
1959.6948701932974,1403
1961.6432322946594,1349
1963.5911180791632,1385
1965.5385278136787,1360
1967.4854617651545,1365
1969.4319202006182,1328
1971.377903387176,1408
1973.3234115920136,1436
1975.268445082395,1386
1977.2130041256642,1338
1979.1570889892423,1369
1981.1006999406304,1318
1983.04383724741,1352
1984.986501177238,1358
1986.928691997853,1329
1988.8704099770712,1369
1990.811655382789,1345
1992.7524284829801,1385
1994.692729545698,1320
1996.6325588390755,1354
1998.5719166313224,1316
2000.5108031907307,1407
2002.4492187856677,1334
2004.387163684583,1404
2006.3246381560011,1335
2008.2616424685298,1335
2010.1981768908527,1347
2012.1342416917332,1339
2014.069837140014,1376
2016.0049635046162,1314
2017.9396210545406,1315
2019.8738100588666,1361
2021.8075307867502,1384
2023.740783507431,1333
2025.6735684902228,1345
2027.6058860045214,1343
2029.5377363198004,1384
2031.4691197056118,1312
2033.4000364315875,1358
2035.3304867674374,1328
2037.260470982952,1329
2039.189989347998,1329
2041.1190421325232,1308
2043.047629606554,1337
2044.9757520401945,1346
2046.9034097036288,1362
2048.8306028671195,1340
2050.7573318010086,1329
2052.683596775716,1294
2054.609398061742,1301
2056.5347359296647,1306
2058.4596106501403,1265
2060.384022493906,1339
2062.3079717317764,1290
2064.231458634646,1323
2066.1544834734873,1308
2068.077046519352,1325
2069.99914804337,1345
2071.9207883167524,1363
2073.8419676107865,1326
2075.7626861968406,1348
2077.6829443463607,1316
2079.6027423308715,1316
2081.522080421977,1342
2083.440958891362,1323
2085.359378010786,1325
2087.2773380520907,1411
2089.194839287196,1365
2091.111881988101,1347
2093.0284664268825,1315
2094.9445928756973,1271
2096.86026160678,1331
2098.775472892446,1345
2100.690227005088,1318
2102.604524217178,1403
2104.5183648012676,1289
2106.431749029985,1354
2108.34467717604,1342
2110.2571495122206,1307
2112.169166311393,1351
2114.080727846503,1308
2115.9918343905747,1315
2117.902486216711,1331
2119.8126835980956,1314
2121.722426807987,1270
2123.6317161197285,1374
2125.5405518067364,1336
2127.448934142509,1390
2129.356863400624,1324
2131.264339854737,1288
2133.1713637785815,1340
2135.077935445972,1409
2136.9840551308002,1366
2138.889723107037,1353
2140.7949396487334,1357
2142.699705030018,1365
2144.6040195250994,1319
2146.507883408264,1352
2148.4112969538774,1347
2150.3142604363848,1368
2152.2167741303097,1370
2154.1188383102535,1311
2156.0204532508997,1358
2157.9216192270064,1342
2159.822336513414,1429
2161.7226053850413,1379
2163.622426116884,1339
2165.5217989840185,1421
2167.4207242616,1320
2169.319202224862,1409
2171.2172331491165,1403
2173.1148173097563,1392
2175.0119549822507,1377
2176.90864644215,1373
2178.8048919650823,1407
2180.7006918267534,1379
2182.596046302952,1311
2184.4909556695407,1465
2186.3854202024645,1410
2188.279440177746,1394
2190.173015871487,1383
2192.066147559868,1350
2193.958835519149,1386
2195.851080025667,1463
2197.7428813558417,1392
2199.6342397861667,1369
2201.5251555932186,1368
2203.415629053651,1409
2205.3056604441986,1413
2207.19525004167,1413
2209.084398122958,1411
2210.9731049650327,1438
2212.861370844941,1455
2214.749196039812,1432
2216.636580826851,1374
2218.523525483344,1433
2220.410030286655,1460
2222.296095514226,1439
2224.1817214435805,1400
2226.066908352319,1433
2227.951656518121,1396
2229.835966218746,1350
2231.71983773203,1465
2233.6032713358913,1437
2235.486267308324,1439
2237.3688259274036,1430
2239.2509474712824,1366
2241.132632218193,1439
2243.013880446447,1436
2244.8946924344323,1392
2246.7750684606203,1464
2248.6550088035574,1465
2250.534513741871,1467
2252.413583554265,1456
2254.292218519526,1469
2256.170418916517,1436
2258.0481850241786,1471
2259.925517121534,1393
2261.8024154876825,1432
2263.678880401803,1492
2265.5549121431536,1372
2267.430510991071,1445
2269.305677224971,1363
2271.180411124348,1492
2273.0547129687766,1402
2274.9285830379076,1391
2276.8020216114737,1412
2278.6750289692845,1454
2280.5476053912294,1417
2282.4197511572766,1395
2284.2914665474727,1487
2286.162751841943,1493
2288.0336073208937,1503
2289.904033264608,1539
2291.774029953448,1404
2293.6435976678554,1432
2295.5127366883517,1462
2297.381447295534,1418
2299.2497297700825,1384
2301.1175843927526,1347
2302.9850114443825,1277
2304.852011205885,1315
2306.7185839582553,1259
2308.5847299825664,1301
2310.4504495599676,1287
2312.3157429716925,1234
2314.1806104990483,1284
2316.0450524234247,1251
2317.9090690262888,1222
2319.772660589186,1294
2321.635827393742,1264
2323.498569721661,1235
2325.3608878547248,1231
2327.2227820747967,1245
2329.0842526638157,1282
2330.945299903803,1276
2332.805924076857,1290
2334.6661254651535,1276
2336.525904350951,1275
2338.3852610165827,1260
2340.244195744464,1201
2342.102708817088,1235
2343.9608005170253,1242
2345.8184711269287,1238
2347.675720929526,1266
2349.532550207628,1283
2351.38895924412,1287
2353.24494832197,1268
2355.100517724223,1246
2356.955667734004,1234
2358.810398634514,1221
2360.664710709037,1289
2362.5186042409337,1220
2364.3720795136437,1240
2366.225136810686,1267
2368.0777764156583,1307
2369.929998612237,1301
2371.7818036841777,1268
2373.633191915315,1328
2375.484163589562,1263
2377.3347189909114,1321
2379.184858403434,1293
2381.03458211128,1314
2382.8838903986775,1274
2384.732783549936,1261
2386.5812618494406,1336
2388.4293255816588,1329
2390.2769750311327,1271
2392.1242104824883,1224
2393.971032220427,1291
2395.8174405297295,1322
2397.6634356952563,1318
2399.509018001947,1269
2401.3541877348193,1259
2403.1989451789705,1340
2405.043290619576,1295
2406.8872243418905,1322
2408.730746631247,1274
2410.5738577730594,1284
2412.4165580528183,1318
2414.258847756095,1312
2416.100727168537,1315
2417.9421965758734,1277
2419.783256263912,1315
2421.623906518538,1303
2423.4641476257157,1328
2425.303979871491,1267
2427.143403541984,1283
2428.9824189233977,1314
2430.821026302012,1323
2432.6592259641866,1315
2434.497018196361,1258
2436.33440328505,1326
2438.171381516851,1337
2440.00795317844,1355
2441.844118556569,1354
2443.6798779380724,1338
2445.5152316098606,1345
2447.3501798589255,1328
2449.1847229723357,1348
2451.0188612372403,1361
2452.8525949408663,1303
2454.6859243705203,1318
2456.518849813587,1317
2458.3513715575314,1303
2460.183489889895,1389
2462.015205098301,1351
2463.8465174704493,1374
2465.67742729412,1319
2467.5079348571717,1280
2469.338040447542,1363
2471.1677443532476,1372
2472.9970468623833,1354
2474.825948263123,1344
2476.6544488437207,1367
2478.482548892508,1335
2480.310248697896,1316
2482.137548548374,1409
2483.9644487325118,1343
2485.790949538956,1341
2487.617051256433,1366
2489.44275417375,1398
2491.26805857979,1373
2493.0929647635157,1328
2494.917473013971,1328
2496.741583620276,1353
2498.5652968716304,1354
2500.3886130573137,1352
2502.2115324666834,1370
2504.0340553891765,1364
2505.856182114308,1337
2507.6779129316733,1365
2509.499248130945,1398
2511.3201880018764,1350
2513.140732834298,1372
2514.9608829181198,1401
2516.780638543331,1360
2518.6,1422
2520.418967578273,1397
2522.237541568376,1328
2524.0557222606144,1308
2525.8735099453706,1455
2527.6909049131086,1434
2529.507907454368,1353
2531.32451785977,1397
2533.140736420014,1439
2534.9565634258774,1445
2536.771999168218,1468
2538.5870439379714,1415
2540.4016980261526,1466
2542.2159617238544,1408
2544.02983532225,1519
2545.8433191125914,1490
2547.656413386209,1525
2549.4691184345115,1566
2551.2814345489874,1496
2553.093362021204,1583
2554.904901142808,1472
2556.716052205523,1542
2558.526815501153,1579
2560.3371913215824,1544
2562.147179958771,1571
2563.956781704761,1602
2565.7659968516705,1555
2567.5748256916986,1569
2569.3832685171224,1655
2571.1913256202984,1608
2572.9989972936614,1673
2574.806283829725,1596
2576.613185521084,1627
2578.4197026604074,1673
2580.2258355404483,1657
2582.031584454035,1682
2583.836949694077,1651
2585.6419315535613,1640
2587.4465303255533,1742
2589.2507463032002,1707
2591.0545797797245,1724
2592.8580310484303,1686
2594.6611004026995,1691
2596.463788135992,1742
2598.266094541849,1704
2600.0680199138874,1680
2601.869564545807,1723
2603.670728731383,1731
2605.4715127644704,1727
2607.2719169390048,1724
2609.071941548998,1729
2610.8715868885433,1725
2612.670853251811,1690
2614.469740933052,1718
2616.268250226594,1675
2618.0663814268455,1713
2619.864134828292,1609
2621.6615107255006,1616
2623.458509413115,1651
2625.2551311858597,1678
2627.0513763385347,1721
2628.8472451660223,1563
2630.6427379632833,1666
2632.4378550253564,1647
2634.232596647359,1558
2636.026963124488,1571
2637.8209547520187,1619
2639.6145718253065,1659
2641.407814639785,1590
2643.200683490966,1579
2644.9931786744414,1536
2646.7853004858807,1539
2648.577049221034,1510
2650.3684251757277,1504
2652.1594286458712,1516
2653.9500599274484,1500
2655.740319316525,1521
2657.5302071092437,1443
2659.3197236018286,1413
2661.10886909058,1481
2662.8976438718782,1522
2664.686048242183,1460
2666.4740824980327,1441
2668.2617469360443,1438
2670.0490418529134,1449
2671.8359675454153,1487
2673.622524310403,1410
2675.408712444811,1423
2677.1945322456495,1367
2678.979984010009,1363
2680.76506803506,1383
2682.5497846180497,1376
2684.334134056306,1367
2686.1181166472343,1360
2687.9017326883213,1391
2689.6849824771293,1323
2691.4678663113013,1329
2693.2503844885596,1370
2695.032537306705,1317
2696.8143250636167,1271
2698.5957480572542,1281
2700.3768065856534,1347
2702.1575009469316,1332
2703.937831439283,1280
2705.717798360982,1301
2707.4974020103837,1301
2709.276642685917,1305
2711.055520686095,1330
2712.834036309506,1281
2714.612189854819,1247
2716.389981620782,1287
2718.1674119062204,1287
2719.944481010041,1251
2721.721189231226,1261
2723.4975368688415,1251
2725.273524222027,1304
2727.0491515900053,1259
2728.824419272075,1325
2730.5993275676146,1312
2732.3738767760838,1265
2734.148067197016,1278
2735.921899130031,1298
2737.6953728748194,1304
2739.468488731156,1268
2741.2412469988926,1245
2743.0136479779617,1260
2744.785691968372,1213
2746.5573792702116,1234
2748.3287101836504,1270
2750.099685008934,1258
2751.870304046388,1227
2753.640567596418,1255
2755.4104759595057,1244
2757.1800294362156,1217
2758.949228327187,1259
2760.7180729331412,1259
2762.486563554877,1334
2764.254700493272,1299
2766.022484049284,1299
2767.789914523947,1233
2769.5569922183786,1250
2771.3237174337705,1189
2773.090090471394,1214
2774.8561116326036,1283
2776.6217812188274,1299
2778.3870995315756,1238
2780.1520668724356,1272
2781.9166835430747,1241
2783.6809498452394,1227
2785.444866080754,1232
2787.2084325515225,1210
2788.971649559527,1245
2790.73451740683,1278
2792.4970363955713,1275
2794.2592068279705,1190
2796.0210290063264,1212
2797.7825032330147,1170
2799.543629810493,1233
2801.304409041296,1196
2803.0648412280366,1232
2804.8249266734088,1231
2806.5846656801846,1291
2808.344058551212,1264
2810.1031055894246,1269
2811.8618070978273,1241
2813.6201633795085,1236
2815.378174737636,1198
2817.1358414754536,1266
2818.893163896285,1249
2820.6501423035334,1268
2822.4067770006814,1240
2824.1630682912883,1252
2825.9190164789957,1251
2827.6746218675207,1236
2829.429884760661,1257
2831.184805462294,1300
2832.9393842763743,1192
2834.693621506936,1221
2836.4475174580916,1263
2838.201072434034,1246
2839.954286739034,1218
2841.707160677441,1200
2843.459694553685,1220
2845.2118886722724,1278
2846.96374333779,1221
2848.7152588549034,1157
2850.4664355283567,1232
2852.217273662973,1232
2853.9677735636546,1263
2855.7179355353833,1230
2857.4677598832186,1253
2859.217246912299,1228
2860.9663969278427,1227
2862.715210235146,1269
2864.4636871395846,1273
2866.211827946614,1223
2867.9596329617652,1268
2869.7071024906536,1211
2871.4542368389684,1234
2873.20103631248,1286
2874.947501217038,1273
2876.6936318585695,1212
2878.4394285430812,1215
2880.1848915766604,1241
2881.9300212654707,1214
2883.6748179157553,1214
2885.4192818338374,1222
2887.1634133261173,1257
2888.907212699077,1272
2890.6506802592744,1260
2892.393816313348,1229
2894.1366211680142,1246
2895.8790951300693,1290
2897.621238506388,1263
2899.363051603925,1203
2901.1045347297118,1216
2902.8456881908596,1251
2904.58651229456,1221
2906.327007348081,1239
2908.067173658772,1212
2909.8070115340597,1232
2911.5465212814497,1222
2913.285703208527,1217
2915.0245576229563,1241
2916.7630848324807,1210
2918.5012851449196,1187
2920.2391588681758,1184
2921.976706310227,1219
2923.7139277791334,1216
2925.4508235830313,1230
2927.187394030137,1240
2928.923639428745,1273
2930.6595600872306,1250
2932.395156314046,1276
2934.1304284177218,1214
2935.8653767068713,1236
2937.6000014901815,1179
2939.3343030764227,1258
2941.068281774442,1243
2942.8019378931644,1168
2944.5352717415976,1234
2946.2682836288236,1226
2948.0009738640065,1228
2949.7333427563885,1239
2951.465390615289,1174
2953.1971177501086,1171
2954.9285244703265,1217
2956.6596110855,1234
2958.3903779052657,1222
2960.1208252393385,1248
2961.8509533975125,1184
2963.5807626896617,1220
2965.3102534257378,1230
2967.0394259157715,1193
2968.768280469873,1258
2970.496817398232,1239
2972.2250370111146,1241
2973.952939618869,1199
2975.6805255319196,1279
2977.4077950607707,1217
2979.134748516006,1224
2980.861386208289,1235
2982.587708448359,1267
2984.313715547037,1177
2986.039407815222,1243
2987.764785563891,1223
2989.489849104102,1226
2991.2145987469908,1265
2992.9390348037705,1242
2994.6631575857346,1174
2996.3869674042576,1209
2998.1104645707887,1226
2999.83364939686,1174
3001.5565221940783,1203
3003.2790832741334,1167
3005.0013329487924,1176
3006.7232715298996,1174
3008.4448993293804,1262
3010.166216659239,1236
3011.887223831558,1181
3013.607921158498,1193
3015.3283089522993,1245
3017.0483875252826,1219
3018.7681571898443,1238
3020.4876182584626,1228
3022.2067710436927,1217
3023.9256158581707,1246
3025.644153014609,1203
3027.362382825801,1220
3029.0803056046193,1226
3030.797921664012,1166
3032.5152313170106,1218
3034.2322348767225,1246
3035.9489326563353,1209
3037.665324969115,1218
3039.3814121284063,1218
3041.097194447633,1228
3042.812672240299,1219
3044.5278458199855,1166
3046.2427155003525,1261
3047.9572815951406,1243
3049.671544418167,1213
3051.38550428333,1272
3053.0991615046073,1230
3054.812516396051,1226
3056.5255692717974,1236
3058.2383204460575,1176
3059.9507702331257,1203
3061.662918947372,1266
3063.3747669032446,1188
3065.0863144152736,1191
3066.7975617980674,1209
3068.508509366309,1238
3070.219157434767,1258
3071.9295063182844,1197
3073.639556331785,1243
3075.3493077902704,1220
3077.058761008821,1237
3078.7679163025964,1250
3080.476773986837,1240
3082.1853343768594,1216
3083.89359778806,1299
3085.6015645359153,1216
3087.3092349359786,1257
3089.016609303884,1234
3090.7236879553434,1239
3092.4304712061476,1196
3094.136959372166,1231
3095.843152769349,1292
3097.5490517137237,1232
3099.2546565213966,1255
3100.959967508554,1232
3102.66498499146,1240
3104.3697092864577,1164
3106.0741407099695,1168
3107.778279578498,1219
3109.482126208622,1227
3111.1856809170004,1230
3112.8889440203716,1229
3114.5919158355528,1239
3116.294596679439,1237
3117.996986869006,1244
3119.6990867213062,1230
3121.4008965534726,1294
3123.102416682717,1210
3124.803647426329,1239
3126.5045891016784,1238
3128.205242026213,1260
3129.90560651746,1268
3131.605682893025,1304
3133.3054714705922,1228
3135.0049725679282,1261
3136.7041865028714,1254
3138.4031135933465,1242
3140.101754157353,1222
3141.800108512971,1198
3143.498176978357,1283
3145.1959598717494,1250
3146.8934575114636,1200
3148.5906702158954,1232
3150.2875983035183,1198
3151.9842420928853,1249
3153.680601902627,1296
3155.376678051456,1237
3157.07247085816,1254
3158.767980641609,1195
3160.463207720748,1226
3162.158152414606,1205
3163.8528150422862,1213
3165.5471959229726,1155
3167.2412953759303,1259
3168.9351137204976,1188
3170.628651276098,1181
3172.3219083622307,1206
3174.014885298474,1237
3175.707582404485,1206
3177.4000000000005,1201
3179.092138404835,1182
3180.7839979388846,1207
3182.47557892212,1258
3184.166881674594,1243
3185.8579065164386,1249
3187.5486537678626,1215
3189.2391237491547,1255
3190.9293167806827,1208
3192.6192331828934,1241
3194.3088732763117,1189
3195.998237381542,1206
3197.687325819268,1193
3199.376138910251,1196
3201.064676975334,1265
3202.7529403354347,1258
3204.4409293115523,1228
3206.1286442247647,1203
3207.816085396229,1192
3209.5032531471825,1210
3211.190147798936,1209
3212.8767696728846,1166
3214.5631190905015,1139
3216.2491963733373,1203
3217.9350018430214,1221
3219.6205358212637,1140
3221.305798629851,1222
3222.990790590651,1205
3224.6755120256103,1230
3226.359963256751,1139
3228.0441446061795,1138
3229.7280563960758,1188
3231.411698948703,1164
3233.0950725863995,1176
3234.778177631587,1150
3236.461014406761,1192
3238.1435832345005,1225
3239.8258844374595,1139
3241.507918338374,1249
3243.1896852600576,1228
3244.8711855254023,1235
3246.552419457381,1163
3248.233387379042,1205
3249.914089613516,1243
3251.59452648401,1207
3253.274698313813,1154
3254.95460542629,1178
3256.6342481448855,1148
3258.313626793125,1168
3259.9927416946084,1181
3261.6715931730196,1191
3263.3501815521176,1184
3265.0285071557437,1177
3266.706570307815,1179
3268.3843713323286,1197
3270.0619105533615,1173
3271.739188295068,1204
3273.4162048816834,1124
3275.0929606375184,1155
3276.769455886966,1168
3278.445690954498,1168
3280.1216661646613,1192
3281.797381842087,1233
3283.4728383114807,1197
3285.1480358976296,1163
3286.8229749253996,1198
3288.4976557197333,1194
3290.172078605655,1162
3291.846243908266,1209
3293.5201519527463,1196
3295.193803064357,1162
3296.8671975684374,1173
3298.5403357904024,1227
3300.21321805575,1166
3301.8858446900567,1269
3303.558216018975,1187
3305.23033236824,1219
3306.9021940636603,1202
3308.57380143113,1153
3310.2451547966184,1165
3311.916254486174,1163
3313.5871008259246,1155
3315.2576941420766,1166
3316.9280347609147,1193
3318.5981230088046,1153
3320.2679592121895,1208
3321.9375436975924,1193
3323.606876791612,1151
3325.27595882093,1145
3326.944790112305,1198
3328.6133709925753,1209
3330.2817017886573,1222
3331.949782827547,1197
3333.617614436319,1120
3335.2851969421245,1173
3336.952530672199,1187
3338.619615953853,1178
3340.286453114475,1215
3341.9530424815357,1138
3343.619384382583,1201
3345.2854791452437,1192
3346.951327097224,1168
3348.6169285663073,1184
3350.2822838803577,1179
3351.947393367319,1163
3353.61225735521,1187
3355.2768761721345,1214
3356.9412501462693,1192
3358.605379605873,1186
3360.2692648792827,1190
3361.9329062949146,1177
3363.596304181263,1117
